
/*
 * Copyright (C) 2013 Technische Universitaet Muenchen
 * This file is part of the Sierpinski project. For conditions of distribution and
 * use, please see the copyright notice in the file 'copyright.txt' at the root
 * directory of this package and the copyright notice at http://www5.in.tum.de/sierpinski
 *
 *  Created on: Apr 19, 2013
 *      Author: Martin Schreiber <martin.schreiber@in.tum.de>
 */

#ifndef CCOMPUTATION3D_MATRICES_CONST_HPP_
#define CCOMPUTATION3D_MATRICES_CONST_HPP_

#include <string.h>
#include <assert.h>

#include "../../subsimulation_generic/CConfig.hpp"
#include "../../subsimulation_generic/types/CTypes.hpp"
#include "libmath/CMatrixOperations.hpp"

#define SIMULATION_HYPERBOLIC_DEGREE_OF_BASIS_FUNCTIONS (4)
#define SIMULATION_HYPERBOLIC_NUMBER_OF_BASIS_FUNCTIONS (35)
#define SIMULATION_HYPERBOLIC_NUMBER_OF_CELL_DOFS (35)
#define SIMULATION_HYPERBOLIC_NUMBER_OF_EDGE_FACE_DOFS (100)
#define SIMULATION_HYPERBOLIC_NUMBER_OF_TOP_BOTTOM_FACE_DOFS (27)
#define SIMULATION_HYPERBOLIC_CFL	(0.5/(T)(2*4+1))
#define SIMULATION_HYPERBOLIC_INTEGRATION_CELL_DEGREE	(SIMULATION_HYPERBOLIC_DEGREE_OF_BASIS_FUNCTIONS)
#define SIMULATION_HYPERBOLIC_INTEGRATION_CELL_ORDER	(SIMULATION_HYPERBOLIC_DEGREE_OF_BASIS_FUNCTIONS*2)

class CDG_MatrixComputations_3D
{
	typedef CONFIG_DEFAULT_FLOATING_POINT_TYPE T;



public:
        static inline void mul_edge_comm_hyp_project_to_edge_space(
                        T io_hu[SIMULATION_HYPERBOLIC_NUMBER_OF_EDGE_FACE_DOFS],
                        T io_hv[SIMULATION_HYPERBOLIC_NUMBER_OF_EDGE_FACE_DOFS]
        ) {
#if CONFIG_ENABLE_INTEL_SIMD_PRAGMA
#pragma simd
#endif
                for (int i = 0; i < SIMULATION_HYPERBOLIC_NUMBER_OF_EDGE_FACE_DOFS; i++)
                {
                        /*
                         * rotate edge comm data to normal space
                         */
                        CTriangle_VectorProjections::toEdgeSpace<T,0>(
                                        &(io_hu[i]),
                                        &(io_hv[i])
                        );
                }
        }


public:
        static inline void mul_edge_comm_right_project_to_edge_space(
                        T io_hu[SIMULATION_HYPERBOLIC_NUMBER_OF_EDGE_FACE_DOFS],
                        T io_hv[SIMULATION_HYPERBOLIC_NUMBER_OF_EDGE_FACE_DOFS]
        ) {
#if CONFIG_ENABLE_INTEL_SIMD_PRAGMA
#pragma simd
#endif
                for (int i = 0; i < SIMULATION_HYPERBOLIC_NUMBER_OF_EDGE_FACE_DOFS; i++)
                {
                        /*
                         * rotate edge comm data to normal space
                         */
                        CTriangle_VectorProjections::toEdgeSpace<T,1>(
                                        &(io_hu[i]),
                                        &(io_hv[i])
                        );
                }
        }


public:
        static inline void mul_edge_comm_left_project_to_edge_space(
                        T io_hu[SIMULATION_HYPERBOLIC_NUMBER_OF_EDGE_FACE_DOFS],
                        T io_hv[SIMULATION_HYPERBOLIC_NUMBER_OF_EDGE_FACE_DOFS]
        ) {
#if CONFIG_ENABLE_INTEL_SIMD_PRAGMA
#pragma simd
#endif
                for (int i = 0; i < SIMULATION_HYPERBOLIC_NUMBER_OF_EDGE_FACE_DOFS; i++)
                {
                        /*
                         * rotate edge comm data to normal space
                         */
                        CTriangle_VectorProjections::toEdgeSpace<T,2>(
                                        &(io_hu[i]),
                                        &(io_hv[i])
                        );
                }
        }

public:
        static inline void mul_adaptivity_project_momentum_reference_to_left_child(
                        T io_hu[SIMULATION_HYPERBOLIC_NUMBER_OF_CELL_DOFS],
                        T io_hv[SIMULATION_HYPERBOLIC_NUMBER_OF_CELL_DOFS]
        ) {
#if CONFIG_ENABLE_INTEL_SIMD_PRAGMA
#pragma simd
#endif
                for (int i = 0; i < SIMULATION_HYPERBOLIC_NUMBER_OF_CELL_DOFS; i++)
                {
                        CTriangle_VectorProjections::changeFromReferenceElementToBasisWithXAxis(
                                        &io_hu[i], &io_hv[i],
                                        -(T)M_SQRT1_2, -(T)M_SQRT1_2
                                );
                }
        }

        static inline void mul_adaptivity_project_momentum_left_child_to_reference(
                        T io_hu[SIMULATION_HYPERBOLIC_NUMBER_OF_CELL_DOFS],
                        T io_hv[SIMULATION_HYPERBOLIC_NUMBER_OF_CELL_DOFS]
        ) {
#if CONFIG_ENABLE_INTEL_SIMD_PRAGMA
#pragma simd
#endif
                for (int i = 0; i < SIMULATION_HYPERBOLIC_NUMBER_OF_CELL_DOFS; i++)
                {
                        CTriangle_VectorProjections::changeFromReferenceElementToBasisWithXAxis(
                                        &io_hu[i],	&io_hv[i],
                                        -(T)M_SQRT1_2, (T)M_SQRT1_2
                        );
                }
        }



public:
        static inline void mul_adaptivity_project_momentum_reference_to_right_child(
                        T io_hu[SIMULATION_HYPERBOLIC_NUMBER_OF_CELL_DOFS],
                        T io_hv[SIMULATION_HYPERBOLIC_NUMBER_OF_CELL_DOFS]
        ) {
#if CONFIG_ENABLE_INTEL_SIMD_PRAGMA
#pragma simd
#endif
                for (int i = 0; i < SIMULATION_HYPERBOLIC_NUMBER_OF_CELL_DOFS; i++)
                {
                        CTriangle_VectorProjections::changeFromReferenceElementToBasisWithXAxis(
                                        &io_hu[i], &io_hv[i],
                                        -(T)M_SQRT1_2, (T)M_SQRT1_2
                                );
                }
        }

        static inline void mul_adaptivity_project_momentum_right_child_to_reference(
                        T io_hu[SIMULATION_HYPERBOLIC_NUMBER_OF_CELL_DOFS],
                        T io_hv[SIMULATION_HYPERBOLIC_NUMBER_OF_CELL_DOFS]
        ) {
#if CONFIG_ENABLE_INTEL_SIMD_PRAGMA
#pragma simd
#endif
                for (int i = 0; i < SIMULATION_HYPERBOLIC_NUMBER_OF_CELL_DOFS; i++)
                {
                        CTriangle_VectorProjections::changeFromReferenceElementToBasisWithXAxis(
                                        &io_hu[i],	&io_hv[i],
                                        -(T)M_SQRT1_2, -(T)M_SQRT1_2
                        );
                }
        }



#if CONFIG_SPHERICAL_DISTORTED_GRID_MODE==1

public:
	static inline void mul_edge_comm_transform_to_edge_space(
		const T i_rotationMatrix[2][2],
		const T i_inverseTransformationMatrix[2][2],
		T io_hu[35],
		T io_hv[35]
	) {
#if CONFIG_ENABLE_INTEL_SIMD_PRAGMA
#pragma simd
#endif
		for (int i = 0; i < 35; i++)
		{
			/*
			 * scale and shear from reference space
			 */
			CTriangle_VectorProjections::matrixTransformation<T>(
				i_inverseTransformationMatrix,
				&(io_hu[i]),
				&(io_hv[i])
			);

			/*
			 * rotate edge comm data to edge space
			 */
			CTriangle_VectorProjections::fromAnyEdgeToEdgeSpace<T>(
				i_rotationMatrix,
				&(io_hu[i]),
				&(io_hv[i])
			);

		}
	}
#endif


	/*********************************************************
	 * timestep_inv_mass
	 *********************************************************/
public:
	static inline void mul_timestep_inv_mass(
		const T i_input[35],
		T o_output[35]
	) {
		static const T matrix[35][35] = 
		{
			{777.0000,-1510.348301,1690.467392,-952.470474,210.,-1871.410147,1934.644152,-1117.354016,259.229627,2556.16901,-1341.640786,311.769144,-1746.195870,366.6060572,469.574280,-1871.410147,1934.644152,-1117.354016,259.229627,2087.10326,-1095.445113,254.558441,-1352.597504,283.9718296,354.964788,2556.16901,-1341.640786,311.769144,-1352.597504,283.9718296,336.749168,-1746.195870,366.6060572,354.964788,469.574280},
			{-1510.348301,6784.000001,-11711.90164,8798.545336,-2424.871131,1934.644153,-5565.240696,5464.415795,-1795.995545,-1341.640786,2478.709341,-1080.,366.6060559,-423.3202096,0.,1934.644153,-5565.240696,5464.415795,-1795.995545,-1095.445114,2023.857701,-881.8163075,283.9718295,-327.9024243,0.,-1341.640786,2478.709341,-1080.,283.9718295,-327.9024243,0.,366.6060559,-423.3202096,0.,0.},
			{1690.467392,-11711.90164,27216.,-25557.46466,8452.336953,-1117.354017,5464.415795,-7936.346767,3477.930418,311.7691454,-1080.,836.5644027,0.,0.,0.,-1117.354017,5464.415795,-7936.346767,3477.930418,254.5584412,-881.8163075,683.0519743,0.,0.,0.,311.7691454,-1080.,836.5644027,0.,0.,0.,0.,0.,0.,0.},
			{-952.470474,8798.545336,-25557.46466,28800.,-11112.15551,259.2296280,-1795.995545,3477.930418,-1959.591794,0.,0.,0.,0.,0.,0.,259.2296280,-1795.995545,3477.930418,-1959.591794,0.,0.,0.,0.,0.,0.,0.,0.,0.,0.,0.,0.,0.,0.,0.,0.},
			{210.,-2424.871131,8452.336953,-11112.15551,4900.,0.,0.,0.,0.,0.,0.,0.,0.,0.,0.,0.,0.,0.,0.,0.,0.,0.,0.,0.,0.,0.,0.,0.,0.,0.,0.,0.,0.,0.,0.},
			{-1871.410147,1934.644153,-1117.354017,259.2296280,0.,8128.00002,-5043.731953,1717.300206,-211.6601049,-15027.14343,5126.683137,-763.6753235,12443.02215,-1795.995545,-3834.057901,4064.00002,-2521.865976,858.6501032,-105.8300524,-8179.74082,2790.612835,-415.6921939,7228.74263,-1043.379125,-2318.620276,-5009.04781,1708.894378,-254.5584412,4819.16175,-695.5860830,-1649.727254,3110.755535,-448.9988863,-1159.310137,-766.811579},
			{1934.644152,-5565.240696,5464.415795,-1795.995545,0.,-5043.731953,10944.00000,-7250.224824,1466.424223,5126.683137,-8196.623692,2645.448922,-1795.995545,2073.837024,0.,-2521.865976,5472.000002,-3625.112412,733.2121114,2790.612835,-4461.676814,1440.,-1043.379125,1204.790437,0.,1708.894378,-2732.207897,881.8163075,-695.5860830,803.1936248,0.,-448.9988863,518.4592560,0.,0.},
			{-1117.354016,5464.415795,-7936.346767,3477.930418,0.,1717.300206,-7250.224824,8640.,-2839.718295,-763.6753235,2645.448922,-2049.155923,0.,0.,0.,858.6501032,-3625.112412,4320.,-1419.859148,-415.6921939,1440.,-1115.419204,0.,0.,0.,-254.5584412,881.8163075,-683.0519743,0.,0.,0.,0.,0.,0.,0.},
			{259.229627,-1795.995545,3477.930418,-1959.591794,0.,-211.6601049,1466.424223,-2839.718295,1600.,0.,0.,0.,0.,0.,0.,-105.8300524,733.2121114,-1419.859148,800.,0.,0.,0.,0.,0.,0.,0.,0.,0.,0.,0.,0.,0.,0.,0.,0.},
			{2556.16901,-1341.640786,311.7691454,0.,0.,-15027.14343,5126.683137,-763.6753235,0.,33696.,-6734.213542,482.9906830,-31970.48640,2839.718295,10911.92009,-5009.04781,1708.894378,-254.5584412,0.,13756.33440,-2749.231165,197.1801207,-14858.53936,1319.781800,5499.090835,5616.,-1122.368924,80.49844717,-7429.269681,659.8909002,3130.137376,-3197.048640,283.9718295,1649.727251,727.4613394},
			{-1341.640786,2478.709341,-1080.,0.,0.,5126.683137,-8196.623692,2645.448922,0.,-6734.213542,9216.,-1673.128805,2839.718295,-3279.024246,0.,1708.894378,-2732.207897,881.8163075,0.,-2749.231165,3762.416245,-683.0519743,1319.781800,-1523.952755,0.,-1122.368924,1536.,-278.8548009,659.8909002,-761.9763776,0.,283.9718295,-327.9024246,0.,0.},
			{311.769144,-1080.,836.5644027,0.,0.,-763.6753235,2645.448922,-2049.155923,0.,482.9906830,-1673.128805,1296.,0.,0.,0.,-254.5584412,881.8163075,-683.0519743,0.,197.1801207,-683.0519743,529.0897845,0.,0.,0.,80.49844717,-278.8548009,216.,0.,0.,0.,0.,0.,0.,0.},
			{-1746.195870,366.6060559,0.,0.,0.,12443.02215,-1795.995545,0.,0.,-31970.48640,2839.718295,0.,33600.,-1385.640646,-12423.76754,3110.755535,-448.9988863,0.,0.,-10441.51713,927.4481114,0.,13013.22404,-536.6563145,-5366.563145,-3197.048640,283.9718295,0.,5205.289617,-214.6625258,-2545.584412,1680.,-69.28203232,-1073.312629,-354.9647869},
			{366.6060572,-423.3202096,0.,0.,0.,-1795.995545,2073.837024,0.,0.,2839.718295,-3279.024246,0.,-1385.640646,1600.,0.,-448.9988863,518.4592560,0.,0.,927.4481114,-1070.924834,0.,-536.6563145,619.6773354,0.,283.9718295,-327.9024246,0.,-214.6625258,247.8709341,0.,-69.28203232,80.,0.,0.},
			{469.574280,0.,0.,0.,0.,-3834.057901,0.,0.,0.,10911.92009,0.,0.,-12423.76754,0.,4900.,-766.811579,0.,0.,0.,2969.848480,0.,0.,-4124.318126,0.,1852.025918,727.4613394,0.,0.,-1374.772709,0.,752.9940236,-354.9647869,0.,264.5751311,70.},
			{-1871.410147,1934.644153,-1117.354017,259.2296280,0.,4064.00002,-2521.865976,858.6501032,-105.8300524,-5009.04781,1708.894378,-254.5584412,3110.755535,-448.9988865,-766.811579,8128.00002,-5043.731953,1717.300206,-211.6601049,-8179.74082,2790.612835,-415.6921939,4819.16175,-695.5860830,-1159.310137,-15027.14343,5126.683137,-763.6753235,7228.74263,-1043.379125,-1649.727254,12443.02215,-1795.995545,-2318.620276,-3834.057901},
			{1934.644152,-5565.240696,5464.415795,-1795.995545,0.,-2521.865976,5472.000002,-3625.112412,733.2121114,1708.894378,-2732.207897,881.8163075,-448.9988863,518.4592560,0.,-5043.731953,10944.00000,-7250.224824,1466.424223,2790.612835,-4461.676814,1440.,-695.5860830,803.1936248,0.,5126.683137,-8196.623692,2645.448922,-1043.379125,1204.790437,0.,-1795.995545,2073.837024,0.,0.},
			{-1117.354016,5464.415795,-7936.346767,3477.930418,0.,858.6501032,-3625.112412,4320.,-1419.859148,-254.5584412,881.8163075,-683.0519743,0.,0.,0.,1717.300206,-7250.224824,8640.,-2839.718295,-415.6921939,1440.,-1115.419204,0.,0.,0.,-763.6753235,2645.448922,-2049.155923,0.,0.,0.,0.,0.,0.,0.},
			{259.229627,-1795.995545,3477.930418,-1959.591794,0.,-105.8300524,733.2121114,-1419.859148,800.,0.,0.,0.,0.,0.,0.,-211.6601049,1466.424223,-2839.718295,1600.,0.,0.,0.,0.,0.,0.,0.,0.,0.,0.,0.,0.,0.,0.,0.,0.},
			{2087.10326,-1095.445114,254.5584412,0.,0.,-8179.74082,2790.612835,-415.6921939,0.,13756.33440,-2749.231165,197.1801207,-10441.51713,927.4481114,2969.848480,-8179.74082,2790.612835,-415.6921939,0.,14976.,-2992.983796,214.6625258,-12131.94659,1077.597327,3591.991091,13756.33440,-2749.231165,197.1801207,-12131.94659,1077.597327,3833.619699,-10441.51713,927.4481114,3591.991091,2969.848480},
			{-1095.445113,2023.857701,-881.8163075,0.,0.,2790.612835,-4461.676814,1440.,0.,-2749.231165,3762.416245,-683.0519743,927.4481114,-1070.924834,0.,2790.612835,-4461.676814,1440.,0.,-2992.983796,4096.,-743.6128024,1077.597327,-1244.302214,0.,-2749.231165,3762.416245,-683.0519743,1077.597327,-1244.302214,0.,927.4481114,-1070.924834,0.,0.},
			{254.558441,-881.8163075,683.0519743,0.,0.,-415.6921939,1440.,-1115.419204,0.,197.1801207,-683.0519743,529.0897845,0.,0.,0.,-415.6921939,1440.,-1115.419204,0.,214.6625258,-743.6128024,576.,0.,0.,0.,197.1801207,-683.0519743,529.0897845,0.,0.,0.,0.,0.,0.,0.},
			{-1352.597504,283.9718295,0.,0.,0.,7228.74263,-1043.379125,0.,0.,-14858.53936,1319.781800,0.,13013.22404,-536.6563145,-4124.318126,4819.16175,-695.5860830,0.,0.,-12131.94659,1077.597327,0.,12096.,-498.8306327,-4156.921939,-7429.269681,659.8909002,0.,9072.,-374.1229745,-3549.242172,5205.289617,-214.6625258,-2494.153164,-1374.772709},
			{283.9718296,-327.9024243,0.,0.,0.,-1043.379125,1204.790437,0.,0.,1319.781800,-1523.952755,0.,-536.6563145,619.6773354,0.,-695.5860830,803.1936248,0.,0.,1077.597327,-1244.302214,0.,-498.8306327,576.,0.,659.8909002,-761.9763776,0.,-374.1229745,432.,0.,-214.6625258,247.8709341,0.,0.},
			{354.964788,0.,0.,0.,0.,-2318.620276,0.,0.,0.,5499.090835,0.,0.,-5366.563145,0.,1852.025918,-1159.310137,0.,0.,0.,3591.991091,0.,0.,-4156.921939,0.,1600.,1649.727251,0.,0.,-2494.153164,0.,1138.419957,-1073.312629,0.,640.,264.5751311},
			{2556.16901,-1341.640786,311.7691454,0.,0.,-5009.04781,1708.894378,-254.5584412,0.,5616.,-1122.368924,80.49844717,-3197.048640,283.9718295,727.4613394,-15027.14343,5126.683137,-763.6753235,0.,13756.33440,-2749.231165,197.1801207,-7429.269681,659.8909002,1649.727251,33696.,-6734.213542,482.9906830,-14858.53936,1319.781800,3130.137376,-31970.48640,2839.718295,5499.090835,10911.92009},
			{-1341.640786,2478.709341,-1080.,0.,0.,1708.894378,-2732.207897,881.8163075,0.,-1122.368924,1536.,-278.8548009,283.9718295,-327.9024246,0.,5126.683137,-8196.623692,2645.448922,0.,-2749.231165,3762.416245,-683.0519743,659.8909002,-761.9763776,0.,-6734.213542,9216.,-1673.128805,1319.781800,-1523.952755,0.,2839.718295,-3279.024246,0.,0.},
			{311.769144,-1080.,836.5644027,0.,0.,-254.5584412,881.8163075,-683.0519743,0.,80.49844717,-278.8548009,216.,0.,0.,0.,-763.6753235,2645.448922,-2049.155923,0.,197.1801207,-683.0519743,529.0897845,0.,0.,0.,482.9906830,-1673.128805,1296.,0.,0.,0.,0.,0.,0.,0.},
			{-1352.597504,283.9718295,0.,0.,0.,4819.16175,-695.5860830,0.,0.,-7429.269681,659.8909002,0.,5205.289617,-214.6625258,-1374.772709,7228.74263,-1043.379125,0.,0.,-12131.94659,1077.597327,0.,9072.,-374.1229745,-2494.153164,-14858.53936,1319.781800,0.,12096.,-498.8306327,-3549.242172,13013.22404,-536.6563145,-4156.921939,-4124.318126},
			{283.9718296,-327.9024243,0.,0.,0.,-695.5860830,803.1936248,0.,0.,659.8909002,-761.9763776,0.,-214.6625258,247.8709341,0.,-1043.379125,1204.790437,0.,0.,1077.597327,-1244.302214,0.,-374.1229745,432.,0.,1319.781800,-1523.952755,0.,-498.8306327,576.,0.,-536.6563145,619.6773354,0.,0.},
			{336.749168,0.,0.,0.,0.,-1649.727254,0.,0.,0.,3130.137376,0.,0.,-2545.584412,0.,752.9940236,-1649.727254,0.,0.,0.,3833.619699,0.,0.,-3549.242172,0.,1138.419957,3130.137376,0.,0.,-3549.242172,0.,1296.,-2545.584412,0.,1138.419957,752.9940236},
			{-1746.195870,366.6060560,0.,0.,0.,3110.755535,-448.9988865,0.,0.,-3197.048640,283.9718295,0.,1680.,-69.28203232,-354.9647869,12443.02215,-1795.995545,0.,0.,-10441.51713,927.4481114,0.,5205.289617,-214.6625258,-1073.312629,-31970.48640,2839.718295,0.,13013.22404,-536.6563145,-2545.584412,33600.,-1385.640646,-5366.563145,-12423.76754},
			{366.6060572,-423.3202096,0.,0.,0.,-448.9988863,518.4592560,0.,0.,283.9718295,-327.9024246,0.,-69.28203232,80.,0.,-1795.995545,2073.837024,0.,0.,927.4481114,-1070.924834,0.,-214.6625258,247.8709341,0.,2839.718295,-3279.024246,0.,-536.6563145,619.6773354,0.,-1385.640646,1600.,0.,0.},
			{354.964788,0.,0.,0.,0.,-1159.310137,0.,0.,0.,1649.727251,0.,0.,-1073.312629,0.,264.5751311,-2318.620276,0.,0.,0.,3591.991091,0.,0.,-2494.153164,0.,640.,5499.090835,0.,0.,-4156.921939,0.,1138.419957,-5366.563145,0.,1600.,1852.025918},
			{469.574280,0.,0.,0.,0.,-766.811579,0.,0.,0.,727.4613394,0.,0.,-354.9647869,0.,70.,-3834.057901,0.,0.,0.,2969.848480,0.,0.,-1374.772709,0.,264.5751311,10911.92009,0.,0.,-4124.318126,0.,752.9940236,-12423.76754,0.,1852.025918,4900.}
		};

#if CONFIG_ENABLE_INTEL_SIMD_PRAGMA
#pragma simd
#endif
		for (int i = 0; i < 35; i++)
		{
			o_output[i] = 0;

#if CONFIG_ENABLE_INTEL_SIMD_PRAGMA
#pragma simd
#endif
			for (int j = 0; j < 35; j++)
				o_output[i] += matrix[i][j]*i_input[j];
		}
	}

	/*********************************************************
	 * timestep_inv_mass
	 *********************************************************/
public:
	static inline void madd_timestep_inv_mass(
		const T i_input[35],
		T o_output[35]
	) {
		static const T matrix[35][35] = 
		{
			{777.0000,-1510.348301,1690.467392,-952.470474,210.,-1871.410147,1934.644152,-1117.354016,259.229627,2556.16901,-1341.640786,311.769144,-1746.195870,366.6060572,469.574280,-1871.410147,1934.644152,-1117.354016,259.229627,2087.10326,-1095.445113,254.558441,-1352.597504,283.9718296,354.964788,2556.16901,-1341.640786,311.769144,-1352.597504,283.9718296,336.749168,-1746.195870,366.6060572,354.964788,469.574280},
			{-1510.348301,6784.000001,-11711.90164,8798.545336,-2424.871131,1934.644153,-5565.240696,5464.415795,-1795.995545,-1341.640786,2478.709341,-1080.,366.6060559,-423.3202096,0.,1934.644153,-5565.240696,5464.415795,-1795.995545,-1095.445114,2023.857701,-881.8163075,283.9718295,-327.9024243,0.,-1341.640786,2478.709341,-1080.,283.9718295,-327.9024243,0.,366.6060559,-423.3202096,0.,0.},
			{1690.467392,-11711.90164,27216.,-25557.46466,8452.336953,-1117.354017,5464.415795,-7936.346767,3477.930418,311.7691454,-1080.,836.5644027,0.,0.,0.,-1117.354017,5464.415795,-7936.346767,3477.930418,254.5584412,-881.8163075,683.0519743,0.,0.,0.,311.7691454,-1080.,836.5644027,0.,0.,0.,0.,0.,0.,0.},
			{-952.470474,8798.545336,-25557.46466,28800.,-11112.15551,259.2296280,-1795.995545,3477.930418,-1959.591794,0.,0.,0.,0.,0.,0.,259.2296280,-1795.995545,3477.930418,-1959.591794,0.,0.,0.,0.,0.,0.,0.,0.,0.,0.,0.,0.,0.,0.,0.,0.},
			{210.,-2424.871131,8452.336953,-11112.15551,4900.,0.,0.,0.,0.,0.,0.,0.,0.,0.,0.,0.,0.,0.,0.,0.,0.,0.,0.,0.,0.,0.,0.,0.,0.,0.,0.,0.,0.,0.,0.},
			{-1871.410147,1934.644153,-1117.354017,259.2296280,0.,8128.00002,-5043.731953,1717.300206,-211.6601049,-15027.14343,5126.683137,-763.6753235,12443.02215,-1795.995545,-3834.057901,4064.00002,-2521.865976,858.6501032,-105.8300524,-8179.74082,2790.612835,-415.6921939,7228.74263,-1043.379125,-2318.620276,-5009.04781,1708.894378,-254.5584412,4819.16175,-695.5860830,-1649.727254,3110.755535,-448.9988863,-1159.310137,-766.811579},
			{1934.644152,-5565.240696,5464.415795,-1795.995545,0.,-5043.731953,10944.00000,-7250.224824,1466.424223,5126.683137,-8196.623692,2645.448922,-1795.995545,2073.837024,0.,-2521.865976,5472.000002,-3625.112412,733.2121114,2790.612835,-4461.676814,1440.,-1043.379125,1204.790437,0.,1708.894378,-2732.207897,881.8163075,-695.5860830,803.1936248,0.,-448.9988863,518.4592560,0.,0.},
			{-1117.354016,5464.415795,-7936.346767,3477.930418,0.,1717.300206,-7250.224824,8640.,-2839.718295,-763.6753235,2645.448922,-2049.155923,0.,0.,0.,858.6501032,-3625.112412,4320.,-1419.859148,-415.6921939,1440.,-1115.419204,0.,0.,0.,-254.5584412,881.8163075,-683.0519743,0.,0.,0.,0.,0.,0.,0.},
			{259.229627,-1795.995545,3477.930418,-1959.591794,0.,-211.6601049,1466.424223,-2839.718295,1600.,0.,0.,0.,0.,0.,0.,-105.8300524,733.2121114,-1419.859148,800.,0.,0.,0.,0.,0.,0.,0.,0.,0.,0.,0.,0.,0.,0.,0.,0.},
			{2556.16901,-1341.640786,311.7691454,0.,0.,-15027.14343,5126.683137,-763.6753235,0.,33696.,-6734.213542,482.9906830,-31970.48640,2839.718295,10911.92009,-5009.04781,1708.894378,-254.5584412,0.,13756.33440,-2749.231165,197.1801207,-14858.53936,1319.781800,5499.090835,5616.,-1122.368924,80.49844717,-7429.269681,659.8909002,3130.137376,-3197.048640,283.9718295,1649.727251,727.4613394},
			{-1341.640786,2478.709341,-1080.,0.,0.,5126.683137,-8196.623692,2645.448922,0.,-6734.213542,9216.,-1673.128805,2839.718295,-3279.024246,0.,1708.894378,-2732.207897,881.8163075,0.,-2749.231165,3762.416245,-683.0519743,1319.781800,-1523.952755,0.,-1122.368924,1536.,-278.8548009,659.8909002,-761.9763776,0.,283.9718295,-327.9024246,0.,0.},
			{311.769144,-1080.,836.5644027,0.,0.,-763.6753235,2645.448922,-2049.155923,0.,482.9906830,-1673.128805,1296.,0.,0.,0.,-254.5584412,881.8163075,-683.0519743,0.,197.1801207,-683.0519743,529.0897845,0.,0.,0.,80.49844717,-278.8548009,216.,0.,0.,0.,0.,0.,0.,0.},
			{-1746.195870,366.6060559,0.,0.,0.,12443.02215,-1795.995545,0.,0.,-31970.48640,2839.718295,0.,33600.,-1385.640646,-12423.76754,3110.755535,-448.9988863,0.,0.,-10441.51713,927.4481114,0.,13013.22404,-536.6563145,-5366.563145,-3197.048640,283.9718295,0.,5205.289617,-214.6625258,-2545.584412,1680.,-69.28203232,-1073.312629,-354.9647869},
			{366.6060572,-423.3202096,0.,0.,0.,-1795.995545,2073.837024,0.,0.,2839.718295,-3279.024246,0.,-1385.640646,1600.,0.,-448.9988863,518.4592560,0.,0.,927.4481114,-1070.924834,0.,-536.6563145,619.6773354,0.,283.9718295,-327.9024246,0.,-214.6625258,247.8709341,0.,-69.28203232,80.,0.,0.},
			{469.574280,0.,0.,0.,0.,-3834.057901,0.,0.,0.,10911.92009,0.,0.,-12423.76754,0.,4900.,-766.811579,0.,0.,0.,2969.848480,0.,0.,-4124.318126,0.,1852.025918,727.4613394,0.,0.,-1374.772709,0.,752.9940236,-354.9647869,0.,264.5751311,70.},
			{-1871.410147,1934.644153,-1117.354017,259.2296280,0.,4064.00002,-2521.865976,858.6501032,-105.8300524,-5009.04781,1708.894378,-254.5584412,3110.755535,-448.9988865,-766.811579,8128.00002,-5043.731953,1717.300206,-211.6601049,-8179.74082,2790.612835,-415.6921939,4819.16175,-695.5860830,-1159.310137,-15027.14343,5126.683137,-763.6753235,7228.74263,-1043.379125,-1649.727254,12443.02215,-1795.995545,-2318.620276,-3834.057901},
			{1934.644152,-5565.240696,5464.415795,-1795.995545,0.,-2521.865976,5472.000002,-3625.112412,733.2121114,1708.894378,-2732.207897,881.8163075,-448.9988863,518.4592560,0.,-5043.731953,10944.00000,-7250.224824,1466.424223,2790.612835,-4461.676814,1440.,-695.5860830,803.1936248,0.,5126.683137,-8196.623692,2645.448922,-1043.379125,1204.790437,0.,-1795.995545,2073.837024,0.,0.},
			{-1117.354016,5464.415795,-7936.346767,3477.930418,0.,858.6501032,-3625.112412,4320.,-1419.859148,-254.5584412,881.8163075,-683.0519743,0.,0.,0.,1717.300206,-7250.224824,8640.,-2839.718295,-415.6921939,1440.,-1115.419204,0.,0.,0.,-763.6753235,2645.448922,-2049.155923,0.,0.,0.,0.,0.,0.,0.},
			{259.229627,-1795.995545,3477.930418,-1959.591794,0.,-105.8300524,733.2121114,-1419.859148,800.,0.,0.,0.,0.,0.,0.,-211.6601049,1466.424223,-2839.718295,1600.,0.,0.,0.,0.,0.,0.,0.,0.,0.,0.,0.,0.,0.,0.,0.,0.},
			{2087.10326,-1095.445114,254.5584412,0.,0.,-8179.74082,2790.612835,-415.6921939,0.,13756.33440,-2749.231165,197.1801207,-10441.51713,927.4481114,2969.848480,-8179.74082,2790.612835,-415.6921939,0.,14976.,-2992.983796,214.6625258,-12131.94659,1077.597327,3591.991091,13756.33440,-2749.231165,197.1801207,-12131.94659,1077.597327,3833.619699,-10441.51713,927.4481114,3591.991091,2969.848480},
			{-1095.445113,2023.857701,-881.8163075,0.,0.,2790.612835,-4461.676814,1440.,0.,-2749.231165,3762.416245,-683.0519743,927.4481114,-1070.924834,0.,2790.612835,-4461.676814,1440.,0.,-2992.983796,4096.,-743.6128024,1077.597327,-1244.302214,0.,-2749.231165,3762.416245,-683.0519743,1077.597327,-1244.302214,0.,927.4481114,-1070.924834,0.,0.},
			{254.558441,-881.8163075,683.0519743,0.,0.,-415.6921939,1440.,-1115.419204,0.,197.1801207,-683.0519743,529.0897845,0.,0.,0.,-415.6921939,1440.,-1115.419204,0.,214.6625258,-743.6128024,576.,0.,0.,0.,197.1801207,-683.0519743,529.0897845,0.,0.,0.,0.,0.,0.,0.},
			{-1352.597504,283.9718295,0.,0.,0.,7228.74263,-1043.379125,0.,0.,-14858.53936,1319.781800,0.,13013.22404,-536.6563145,-4124.318126,4819.16175,-695.5860830,0.,0.,-12131.94659,1077.597327,0.,12096.,-498.8306327,-4156.921939,-7429.269681,659.8909002,0.,9072.,-374.1229745,-3549.242172,5205.289617,-214.6625258,-2494.153164,-1374.772709},
			{283.9718296,-327.9024243,0.,0.,0.,-1043.379125,1204.790437,0.,0.,1319.781800,-1523.952755,0.,-536.6563145,619.6773354,0.,-695.5860830,803.1936248,0.,0.,1077.597327,-1244.302214,0.,-498.8306327,576.,0.,659.8909002,-761.9763776,0.,-374.1229745,432.,0.,-214.6625258,247.8709341,0.,0.},
			{354.964788,0.,0.,0.,0.,-2318.620276,0.,0.,0.,5499.090835,0.,0.,-5366.563145,0.,1852.025918,-1159.310137,0.,0.,0.,3591.991091,0.,0.,-4156.921939,0.,1600.,1649.727251,0.,0.,-2494.153164,0.,1138.419957,-1073.312629,0.,640.,264.5751311},
			{2556.16901,-1341.640786,311.7691454,0.,0.,-5009.04781,1708.894378,-254.5584412,0.,5616.,-1122.368924,80.49844717,-3197.048640,283.9718295,727.4613394,-15027.14343,5126.683137,-763.6753235,0.,13756.33440,-2749.231165,197.1801207,-7429.269681,659.8909002,1649.727251,33696.,-6734.213542,482.9906830,-14858.53936,1319.781800,3130.137376,-31970.48640,2839.718295,5499.090835,10911.92009},
			{-1341.640786,2478.709341,-1080.,0.,0.,1708.894378,-2732.207897,881.8163075,0.,-1122.368924,1536.,-278.8548009,283.9718295,-327.9024246,0.,5126.683137,-8196.623692,2645.448922,0.,-2749.231165,3762.416245,-683.0519743,659.8909002,-761.9763776,0.,-6734.213542,9216.,-1673.128805,1319.781800,-1523.952755,0.,2839.718295,-3279.024246,0.,0.},
			{311.769144,-1080.,836.5644027,0.,0.,-254.5584412,881.8163075,-683.0519743,0.,80.49844717,-278.8548009,216.,0.,0.,0.,-763.6753235,2645.448922,-2049.155923,0.,197.1801207,-683.0519743,529.0897845,0.,0.,0.,482.9906830,-1673.128805,1296.,0.,0.,0.,0.,0.,0.,0.},
			{-1352.597504,283.9718295,0.,0.,0.,4819.16175,-695.5860830,0.,0.,-7429.269681,659.8909002,0.,5205.289617,-214.6625258,-1374.772709,7228.74263,-1043.379125,0.,0.,-12131.94659,1077.597327,0.,9072.,-374.1229745,-2494.153164,-14858.53936,1319.781800,0.,12096.,-498.8306327,-3549.242172,13013.22404,-536.6563145,-4156.921939,-4124.318126},
			{283.9718296,-327.9024243,0.,0.,0.,-695.5860830,803.1936248,0.,0.,659.8909002,-761.9763776,0.,-214.6625258,247.8709341,0.,-1043.379125,1204.790437,0.,0.,1077.597327,-1244.302214,0.,-374.1229745,432.,0.,1319.781800,-1523.952755,0.,-498.8306327,576.,0.,-536.6563145,619.6773354,0.,0.},
			{336.749168,0.,0.,0.,0.,-1649.727254,0.,0.,0.,3130.137376,0.,0.,-2545.584412,0.,752.9940236,-1649.727254,0.,0.,0.,3833.619699,0.,0.,-3549.242172,0.,1138.419957,3130.137376,0.,0.,-3549.242172,0.,1296.,-2545.584412,0.,1138.419957,752.9940236},
			{-1746.195870,366.6060560,0.,0.,0.,3110.755535,-448.9988865,0.,0.,-3197.048640,283.9718295,0.,1680.,-69.28203232,-354.9647869,12443.02215,-1795.995545,0.,0.,-10441.51713,927.4481114,0.,5205.289617,-214.6625258,-1073.312629,-31970.48640,2839.718295,0.,13013.22404,-536.6563145,-2545.584412,33600.,-1385.640646,-5366.563145,-12423.76754},
			{366.6060572,-423.3202096,0.,0.,0.,-448.9988863,518.4592560,0.,0.,283.9718295,-327.9024246,0.,-69.28203232,80.,0.,-1795.995545,2073.837024,0.,0.,927.4481114,-1070.924834,0.,-214.6625258,247.8709341,0.,2839.718295,-3279.024246,0.,-536.6563145,619.6773354,0.,-1385.640646,1600.,0.,0.},
			{354.964788,0.,0.,0.,0.,-1159.310137,0.,0.,0.,1649.727251,0.,0.,-1073.312629,0.,264.5751311,-2318.620276,0.,0.,0.,3591.991091,0.,0.,-2494.153164,0.,640.,5499.090835,0.,0.,-4156.921939,0.,1138.419957,-5366.563145,0.,1600.,1852.025918},
			{469.574280,0.,0.,0.,0.,-766.811579,0.,0.,0.,727.4613394,0.,0.,-354.9647869,0.,70.,-3834.057901,0.,0.,0.,2969.848480,0.,0.,-1374.772709,0.,264.5751311,10911.92009,0.,0.,-4124.318126,0.,752.9940236,-12423.76754,0.,1852.025918,4900.}
		};

#if CONFIG_ENABLE_INTEL_SIMD_PRAGMA
#pragma simd
#endif
		for (int i = 0; i < 35; i++)
		{
#if CONFIG_ENABLE_INTEL_SIMD_PRAGMA
#pragma simd
#endif
			for (int j = 0; j < 35; j++)
				o_output[i] += matrix[i][j]*i_input[j];
		}
	}


	/*********************************************************
	 * timestep_stiffness_u
	 *********************************************************/
public:
	static inline void mul_timestep_stiffness_u(
		const T i_input[35],
		T o_output[35]
	) {
		static const T matrix[35][35] = 
		{
			{0.,0.,0.,0.,0.,0.,0.,0.,0.,0.,0.,0.,0.,0.,0.,0.,0.,0.,0.,0.,0.,0.,0.,0.,0.,0.,0.,0.,0.,0.,0.,0.,0.,0.,0.},
			{0.,0.,0.,0.,0.,0.,0.,0.,0.,0.,0.,0.,0.,0.,0.,0.,0.,0.,0.,0.,0.,0.,0.,0.,0.,0.,0.,0.,0.,0.,0.,0.,0.,0.,0.},
			{0.,0.,0.,0.,0.,0.,0.,0.,0.,0.,0.,0.,0.,0.,0.,0.,0.,0.,0.,0.,0.,0.,0.,0.,0.,0.,0.,0.,0.,0.,0.,0.,0.,0.,0.},
			{0.,0.,0.,0.,0.,0.,0.,0.,0.,0.,0.,0.,0.,0.,0.,0.,0.,0.,0.,0.,0.,0.,0.,0.,0.,0.,0.,0.,0.,0.,0.,0.,0.,0.,0.},
			{0.,0.,0.,0.,0.,0.,0.,0.,0.,0.,0.,0.,0.,0.,0.,0.,0.,0.,0.,0.,0.,0.,0.,0.,0.,0.,0.,0.,0.,0.,0.,0.,0.,0.,0.},
			{0.,0.,0.,0.,0.,0.,0.,0.,0.,0.,0.,0.,0.,0.,0.,0.,0.,0.,0.,0.,0.,0.,0.,0.,0.,0.,0.,0.,0.,0.,0.,0.,0.,0.,0.},
			{0.,0.,0.,0.,0.,0.,0.,0.,0.,0.,0.,0.,0.,0.,0.,0.,0.,0.,0.,0.,0.,0.,0.,0.,0.,0.,0.,0.,0.,0.,0.,0.,0.,0.,0.},
			{0.,0.,0.,0.,0.,0.,0.,0.,0.,0.,0.,0.,0.,0.,0.,0.,0.,0.,0.,0.,0.,0.,0.,0.,0.,0.,0.,0.,0.,0.,0.,0.,0.,0.,0.},
			{0.,0.,0.,0.,0.,0.,0.,0.,0.,0.,0.,0.,0.,0.,0.,0.,0.,0.,0.,0.,0.,0.,0.,0.,0.,0.,0.,0.,0.,0.,0.,0.,0.,0.,0.},
			{0.,0.,0.,0.,0.,0.,0.,0.,0.,0.,0.,0.,0.,0.,0.,0.,0.,0.,0.,0.,0.,0.,0.,0.,0.,0.,0.,0.,0.,0.,0.,0.,0.,0.,0.},
			{0.,0.,0.,0.,0.,0.,0.,0.,0.,0.,0.,0.,0.,0.,0.,0.,0.,0.,0.,0.,0.,0.,0.,0.,0.,0.,0.,0.,0.,0.,0.,0.,0.,0.,0.},
			{0.,0.,0.,0.,0.,0.,0.,0.,0.,0.,0.,0.,0.,0.,0.,0.,0.,0.,0.,0.,0.,0.,0.,0.,0.,0.,0.,0.,0.,0.,0.,0.,0.,0.,0.},
			{0.,0.,0.,0.,0.,0.,0.,0.,0.,0.,0.,0.,0.,0.,0.,0.,0.,0.,0.,0.,0.,0.,0.,0.,0.,0.,0.,0.,0.,0.,0.,0.,0.,0.,0.},
			{0.,0.,0.,0.,0.,0.,0.,0.,0.,0.,0.,0.,0.,0.,0.,0.,0.,0.,0.,0.,0.,0.,0.,0.,0.,0.,0.,0.,0.,0.,0.,0.,0.,0.,0.},
			{0.,0.,0.,0.,0.,0.,0.,0.,0.,0.,0.,0.,0.,0.,0.,0.,0.,0.,0.,0.,0.,0.,0.,0.,0.,0.,0.,0.,0.,0.,0.,0.,0.,0.,0.},
			{2.449489743,2.121320343,1.825741858,1.620185175,1.469693846,2.,1.732050808,1.490711985,1.322875656,1.581138830,1.369306394,1.178511302,1.296148140,1.122497216,1.095445115,2.,1.732050808,1.490711985,1.322875656,1.936491673,1.677050983,1.443375673,1.673320053,1.449137675,1.449137675,1.581138830,1.369306394,1.178511302,1.673320053,1.449137675,1.527525232,1.296148140,1.122497216,1.449137675,1.095445115},
			{2.121320343,2.449489743,2.371708245,2.244994432,2.121320343,1.732050808,2.,1.936491673,1.833030278,1.369306394,1.581138830,1.530931089,1.122497216,1.296148140,.9486832980,1.732050808,2.,1.936491673,1.833030278,1.677050983,1.936491673,1.875000000,1.449137675,1.673320053,1.254990040,1.369306394,1.581138830,1.530931089,1.449137675,1.673320053,1.322875656,1.122497216,1.296148140,1.254990040,.9486832980},
			{1.825741857,2.371708244,2.449489743,2.415229459,2.347382389,1.490711985,1.936491673,2.,1.972026594,1.178511302,1.530931089,1.581138830,.9660917834,1.254990040,.8164965809,1.490711985,1.936491673,2.,1.972026594,1.443375673,1.875000000,1.936491673,1.247219129,1.620185175,1.080123450,1.178511302,1.530931089,1.581138830,1.247219129,1.620185175,1.138550085,.9660917834,1.254990040,1.080123450,.8164965809},
			{1.620185174,2.244994432,2.415229459,2.449489743,2.430277761,1.322875656,1.833030278,1.972026594,2.,1.045825033,1.449137675,1.559023911,.8573214100,1.187939392,.7245688375,1.322875656,1.833030278,1.972026594,2.,1.280868845,1.774823935,1.909406540,1.106797181,1.533623161,.9585144758,1.045825033,1.449137675,1.559023911,1.106797181,1.533623161,1.010362971,.8573214100,1.187939392,.9585144758,.7245688375},
			{3.162277659,2.738612787,2.357022604,2.091650066,1.897366595,3.872983346,3.354101966,2.886751347,2.561737690,3.674234614,3.181980514,2.738612787,3.346640106,2.898275348,3.030457633,1.936491673,1.677050983,1.443375673,1.280868845,3.,2.598076212,2.236067977,3.240370349,2.806243040,3.207134903,1.224744872,1.060660172,.9128709292,2.160246899,1.870828694,2.535462764,.8366600264,.7245688370,1.603567452,.6060915266},
			{2.738612786,3.162277659,3.061862179,2.898275350,2.738612786,3.354101966,3.872983346,3.750000000,3.549647869,3.181980514,3.674234614,3.557562366,2.898275350,3.346640106,2.624453295,1.677050983,1.936491673,1.875000000,1.774823935,2.598076212,3.,2.904737510,2.806243040,3.240370350,2.777460300,1.060660172,1.224744872,1.185854122,1.870828694,2.160246900,2.195775165,.7245688375,.8366600264,1.388730150,.5248906592},
			{2.357022604,3.061862179,3.162277660,3.118047822,3.030457633,2.886751347,3.750000000,3.872983346,3.818813079,2.738612788,3.557562368,3.674234614,2.494438258,3.240370349,2.258769757,1.443375673,1.875000000,1.936491673,1.909406540,2.236067977,2.904737510,3.,2.415229459,3.137475099,2.390457218,.9128709293,1.185854122,1.224744872,1.610152972,2.091650066,1.889822365,.6236095646,.8100925872,1.195228610,.4517539516},
			{3.415650256,2.958039892,2.545875386,2.259240285,2.049390154,5.019960159,4.347413025,3.741657387,3.320391543,5.291502622,4.582575695,3.944053189,5.163977793,4.472135954,4.909902528,1.673320053,1.449137675,1.247219129,1.106797181,3.240370349,2.806243040,2.415229459,4.,3.464101616,4.330127020,.8819171036,.7637626160,.6573421980,2.,1.732050808,2.738612788,.5163977793,.4472135954,1.299038106,.3273268354},
			{2.958039892,3.415650256,3.307189139,3.130495168,2.958039892,4.347413025,5.019960159,4.860555525,4.600869484,4.582575696,5.291502622,5.123475385,4.472135954,5.163977793,4.252100321,1.449137675,1.673320053,1.620185175,1.533623161,2.806243040,3.240370350,3.137475099,3.464101616,4.,3.750000000,.7637626162,.8819171036,.8539125641,1.732050808,2.,2.371708245,.4472135954,.5163977793,1.125000000,.2834733546},
			{3.549647870,3.074085231,2.645751311,2.347871376,2.129788722,5.796550700,5.019960159,4.320493800,3.834057903,6.546536711,5.669467095,4.879500367,6.708203931,5.809475019,6.614378278,1.449137675,1.254990040,1.080123450,.9585144758,3.207134903,2.777460300,2.390457218,4.330127020,3.750000000,5.,.6546536711,.5669467095,.4879500367,1.732050808,1.500000000,2.635231383,.3354101966,.2904737510,1.,.1889822365},
			{2.581988897,2.236067977,1.924500898,1.707825129,1.549193338,1.581138830,1.369306394,1.178511302,1.045825033,1.,.8660254040,.7453559923,.6831300514,.5916079782,.4948716594,3.162277660,2.738612788,2.357022604,2.091650066,2.449489743,2.121320343,1.825741858,1.763834207,1.527525232,1.309307342,3.,2.598076212,2.236067977,2.645751311,2.291287848,2.070196679,2.732520206,2.366431913,2.618614683,2.474358298},
			{2.236067977,2.581988897,2.500000000,2.366431913,2.236067977,1.369306394,1.581138830,1.530931089,1.449137675,.8660254040,1.,.9682458365,.5916079782,.6831300507,.4285714286,2.738612788,3.162277660,3.061862179,2.898275350,2.121320343,2.449489743,2.371708245,1.527525232,1.763834207,1.133893419,2.598076212,3.,2.904737510,2.291287848,2.645751311,1.792842914,2.366431913,2.732520203,2.267786838,2.142857143},
			{1.924500898,2.500000000,2.581988897,2.545875387,2.474358298,1.178511302,1.530931089,1.581138830,1.559023911,.7453559923,.9682458365,1.,.5091750773,.6614378278,.3688555568,2.357022604,3.061862179,3.162277659,3.118047822,1.825741858,2.371708244,2.449489743,1.314684396,1.707825129,.9759000734,2.236067977,2.904737510,3.,1.972026594,2.561737692,1.543033500,2.036700309,2.645751311,1.951800147,1.844277784},
			{3.415650256,2.958039892,2.545875386,2.259240285,2.049390154,3.346640106,2.898275350,2.494438258,2.213594362,2.645751311,2.291287848,1.972026594,2.065591118,1.788854382,1.636634177,3.346640106,2.898275350,2.494438258,2.213594362,4.320493799,3.741657387,3.220305944,4.,3.464101616,3.464101616,2.645751311,2.291287848,1.972026594,4.,3.464101616,4.107919181,2.065591118,1.788854382,3.464101616,1.636634177},
			{2.958039892,3.415650256,3.307189139,3.130495168,2.958039892,2.898275350,3.346640106,3.240370350,3.067246323,2.291287848,2.645751311,2.561737692,1.788854382,2.065591118,1.417366774,2.898275350,3.346640106,3.240370350,3.067246323,3.741657387,4.320493800,4.183300132,3.464101616,4.,3.,2.291287848,2.645751311,2.561737692,3.464101616,4.,3.557562368,1.788854382,2.065591118,3.,1.417366774},
			{3.741657386,3.240370350,2.788866755,2.474873734,2.244994432,4.582575696,3.968626966,3.415650256,3.031088914,4.140393357,3.585685828,3.086067000,3.535533905,3.061862179,2.988071523,3.055050464,2.645751311,2.277100171,2.020725943,5.070925527,4.391550330,3.779644731,5.477225575,4.743416490,5.270462768,2.070196679,1.792842914,1.543033500,4.107919181,3.557562368,5.,1.414213562,1.224744872,3.162277660,.9960238407},
			{2.645751311,2.291287848,1.972026594,1.750000000,1.587450787,1.296148140,1.122497216,.9660917834,.8573214100,.6831300514,.5916079782,.5091750773,.4000000000,.3464101616,.2535462764,3.888444420,3.367491648,2.898275350,2.571964230,2.509980079,2.173706512,1.870828694,1.549193338,1.341640786,1.006230590,4.098780308,3.549647869,3.055050464,3.098386677,2.683281572,2.121320343,4.,3.464101616,3.354101966,3.803194146},
			{2.291287848,2.645751311,2.561737690,2.424871131,2.291287848,1.122497216,1.296148140,1.254990040,1.187939392,.5916079782,.6831300507,.6614378278,.3464101616,.4000000000,.2195775163,3.367491648,3.888444419,3.764970119,3.563818176,2.173706511,2.509980079,2.430277762,1.341640786,1.549193338,.8714212528,3.549647869,4.098780304,3.968626966,2.683281572,3.098386677,1.837117307,3.464101616,4.,2.904737510,3.293662744},
			{3.549647870,3.074085231,2.645751311,2.347871376,2.129788722,2.898275350,2.509980080,2.160246900,1.917028952,1.963961013,1.700840129,1.463850110,1.341640786,1.161895004,.9449111824,4.347413025,3.764970119,3.240370350,2.875543427,4.810702356,4.166190450,3.585685828,3.897114318,3.375000000,3.,3.927922025,3.401680258,2.927700220,5.196152424,4.500000000,4.743416490,3.354101966,2.904737510,5.,2.834733546},
			{2.683281572,2.323790008,2.,1.774823935,1.609968943,1.095445115,.9486832980,.8164965809,.7245688375,.4948716594,.4285714286,.3688555568,.2535462764,.2195775163,.1428571429,4.381780461,3.794733192,3.265986323,2.898275350,2.424366106,2.099562637,1.807015806,1.309307341,1.133893419,.7559289460,4.948716594,4.285714286,3.688555568,3.273268354,2.834733546,1.992047682,5.070925527,4.391550326,3.779644731,5.}
		};

#if CONFIG_ENABLE_INTEL_SIMD_PRAGMA
#pragma simd
#endif
		for (int i = 0; i < 35; i++)
		{
			o_output[i] = 0;

