
/*
 * Copyright (C) 2013 Technische Universitaet Muenchen
 * This file is part of the Sierpinski project. For conditions of distribution and
 * use, please see the copyright notice in the file 'copyright.txt' at the root
 * directory of this package and the copyright notice at http://www5.in.tum.de/sierpinski
 *
 *  Created on: Apr 19, 2013
 *      Author: Martin Schreiber <martin.schreiber@in.tum.de>
 */

#ifndef CCOMPUTATION3D_MATRICES_CONST_HPP_
#define CCOMPUTATION3D_MATRICES_CONST_HPP_

#include <string.h>
#include <assert.h>

#include "../../subsimulation_generic/CConfig.hpp"
#include "../../subsimulation_generic/types/CTypes.hpp"
#include "libmath/CMatrixOperations.hpp"

#define SIMULATION_HYPERBOLIC_DEGREE_OF_BASIS_FUNCTIONS (3)
#define SIMULATION_HYPERBOLIC_NUMBER_OF_BASIS_FUNCTIONS (20)
#define SIMULATION_HYPERBOLIC_NUMBER_OF_CELL_DOFS (20)
#define SIMULATION_HYPERBOLIC_NUMBER_OF_EDGE_FACE_DOFS (4)
#define SIMULATION_HYPERBOLIC_NUMBER_OF_TOP_BOTTOM_FACE_DOFS (13)
#define SIMULATION_HYPERBOLIC_CFL	(0.5/(T)(2*3+1))
#define SIMULATION_HYPERBOLIC_INTEGRATION_CELL_DEGREE	(SIMULATION_HYPERBOLIC_DEGREE_OF_BASIS_FUNCTIONS)
#define SIMULATION_HYPERBOLIC_INTEGRATION_CELL_ORDER	(SIMULATION_HYPERBOLIC_DEGREE_OF_BASIS_FUNCTIONS*2)

class CDG_MatrixComputations_3D
{
	typedef CONFIG_DEFAULT_FLOATING_POINT_TYPE T;



public:
        static inline void mul_edge_comm_hyp_project_to_edge_space(
                        T io_hu[SIMULATION_HYPERBOLIC_NUMBER_OF_EDGE_FACE_DOFS],
                        T io_hv[SIMULATION_HYPERBOLIC_NUMBER_OF_EDGE_FACE_DOFS]
        ) {
#if CONFIG_ENABLE_INTEL_SIMD_PRAGMA
#pragma simd
#endif
                for (int i = 0; i < SIMULATION_HYPERBOLIC_NUMBER_OF_EDGE_FACE_DOFS; i++)
                {
                        /*
                         * rotate edge comm data to normal space
                         */
                        CTriangle_VectorProjections::toEdgeSpace<T,0>(
                                        &(io_hu[i]),
                                        &(io_hv[i])
                        );
                }
        }


public:
        static inline void mul_edge_comm_right_project_to_edge_space(
                        T io_hu[SIMULATION_HYPERBOLIC_NUMBER_OF_EDGE_FACE_DOFS],
                        T io_hv[SIMULATION_HYPERBOLIC_NUMBER_OF_EDGE_FACE_DOFS]
        ) {
#if CONFIG_ENABLE_INTEL_SIMD_PRAGMA
#pragma simd
#endif
                for (int i = 0; i < SIMULATION_HYPERBOLIC_NUMBER_OF_EDGE_FACE_DOFS; i++)
                {
                        /*
                         * rotate edge comm data to normal space
                         */
                        CTriangle_VectorProjections::toEdgeSpace<T,1>(
                                        &(io_hu[i]),
                                        &(io_hv[i])
                        );
                }
        }


public:
        static inline void mul_edge_comm_left_project_to_edge_space(
                        T io_hu[SIMULATION_HYPERBOLIC_NUMBER_OF_EDGE_FACE_DOFS],
                        T io_hv[SIMULATION_HYPERBOLIC_NUMBER_OF_EDGE_FACE_DOFS]
        ) {
#if CONFIG_ENABLE_INTEL_SIMD_PRAGMA
#pragma simd
#endif
                for (int i = 0; i < SIMULATION_HYPERBOLIC_NUMBER_OF_EDGE_FACE_DOFS; i++)
                {
                        /*
                         * rotate edge comm data to normal space
                         */
                        CTriangle_VectorProjections::toEdgeSpace<T,2>(
                                        &(io_hu[i]),
                                        &(io_hv[i])
                        );
                }
        }

public:
        static inline void mul_adaptivity_project_momentum_reference_to_left_child(
                        T io_hu[SIMULATION_HYPERBOLIC_NUMBER_OF_CELL_DOFS],
                        T io_hv[SIMULATION_HYPERBOLIC_NUMBER_OF_CELL_DOFS]
        ) {
#if CONFIG_ENABLE_INTEL_SIMD_PRAGMA
#pragma simd
#endif
                for (int i = 0; i < SIMULATION_HYPERBOLIC_NUMBER_OF_CELL_DOFS; i++)
                {
                        CTriangle_VectorProjections::changeFromReferenceElementToBasisWithXAxis(
                                        &io_hu[i], &io_hv[i],
                                        -(T)M_SQRT1_2, -(T)M_SQRT1_2
                                );
                }
        }

        static inline void mul_adaptivity_project_momentum_left_child_to_reference(
                        T io_hu[SIMULATION_HYPERBOLIC_NUMBER_OF_CELL_DOFS],
                        T io_hv[SIMULATION_HYPERBOLIC_NUMBER_OF_CELL_DOFS]
        ) {
#if CONFIG_ENABLE_INTEL_SIMD_PRAGMA
#pragma simd
#endif
                for (int i = 0; i < SIMULATION_HYPERBOLIC_NUMBER_OF_CELL_DOFS; i++)
                {
                        CTriangle_VectorProjections::changeFromReferenceElementToBasisWithXAxis(
                                        &io_hu[i],	&io_hv[i],
                                        -(T)M_SQRT1_2, (T)M_SQRT1_2
                        );
                }
        }



public:
        static inline void mul_adaptivity_project_momentum_reference_to_right_child(
                        T io_hu[SIMULATION_HYPERBOLIC_NUMBER_OF_CELL_DOFS],
                        T io_hv[SIMULATION_HYPERBOLIC_NUMBER_OF_CELL_DOFS]
        ) {
#if CONFIG_ENABLE_INTEL_SIMD_PRAGMA
#pragma simd
#endif
                for (int i = 0; i < SIMULATION_HYPERBOLIC_NUMBER_OF_CELL_DOFS; i++)
                {
                        CTriangle_VectorProjections::changeFromReferenceElementToBasisWithXAxis(
                                        &io_hu[i], &io_hv[i],
                                        -(T)M_SQRT1_2, (T)M_SQRT1_2
                                );
                }
        }

        static inline void mul_adaptivity_project_momentum_right_child_to_reference(
                        T io_hu[SIMULATION_HYPERBOLIC_NUMBER_OF_CELL_DOFS],
                        T io_hv[SIMULATION_HYPERBOLIC_NUMBER_OF_CELL_DOFS]
        ) {
#if CONFIG_ENABLE_INTEL_SIMD_PRAGMA
#pragma simd
#endif
                for (int i = 0; i < SIMULATION_HYPERBOLIC_NUMBER_OF_CELL_DOFS; i++)
                {
                        CTriangle_VectorProjections::changeFromReferenceElementToBasisWithXAxis(
                                        &io_hu[i],	&io_hv[i],
                                        -(T)M_SQRT1_2, -(T)M_SQRT1_2
                        );
                }
        }



#if CONFIG_SPHERICAL_DISTORTED_GRID_MODE==1

public:
	static inline void mul_edge_comm_transform_to_edge_space(
		const T i_rotationMatrix[2][2],
		const T i_inverseTransformationMatrix[2][2],
		T io_hu[20],
		T io_hv[20]
	) {
#if CONFIG_ENABLE_INTEL_SIMD_PRAGMA
#pragma simd
#endif
		for (int i = 0; i < 20; i++)
		{
			/*
			 * scale and shear from reference space
			 */
			CTriangle_VectorProjections::matrixTransformation<T>(
				i_inverseTransformationMatrix,
				&(io_hu[i]),
				&(io_hv[i])
			);

			/*
			 * rotate edge comm data to edge space
			 */
			CTriangle_VectorProjections::fromAnyEdgeToEdgeSpace<T>(
				i_rotationMatrix,
				&(io_hu[i]),
				&(io_hv[i])
			);

		}
	}
#endif


	/*********************************************************
	 * timestep_inv_mass
	 *********************************************************/
public:
	static inline void mul_timestep_inv_mass(
		const T i_input[20],
		T o_output[20]
	) {
		static const T matrix[20][20] = 
		{
			{260.000002,-329.0896534,214.6625259,-52.91502622,-416.4132569,254.5584411,-65.72670691,340.8225342,-80.49844713,-105.8300523,-416.4132569,254.5584411,-65.72670691,278.2804344,-65.72670689,-81.9756061,340.8225342,-80.49844713,-81.9756061,-105.8300523},
			{-329.0896534,1020.,-1068.943403,366.6060557,254.5584412,-489.8979486,227.6839914,-80.49844717,92.95160030,0.,254.5584412,-489.8979486,227.6839914,-65.72670689,75.89466382,0.,-80.49844717,92.95160030,0.,0.},
			{214.6625259,-1068.943403,1584.,-709.9295738,-65.72670689,227.6839914,-176.3632615,0.,0.,0.,-65.72670689,227.6839914,-176.3632615,0.,0.,0.,0.,0.,0.,0.},
			{-52.91502622,366.6060557,-709.9295738,400.,0.,0.,0.,0.,0.,0.,0.,0.,0.,0.,0.,0.,0.,0.,0.,0.},
			{-416.4132569,254.5584412,-65.72670689,0.,1220.000000,-415.6921939,53.66563145,-1366.103948,197.1801207,518.4592560,610.000000,-207.8460970,26.83281572,-743.6128021,107.3312629,301.1976094,-455.3679830,65.72670689,200.7984063,129.6148141},
			{254.5584411,-489.8979486,227.6839914,0.,-415.6921939,640.,-185.9032006,197.1801207,-227.6839914,0.,-207.8460970,320.,-92.95160030,107.3312629,-123.9354671,0.,65.72670689,-75.89466382,0.,0.},
			{-65.72670691,227.6839914,-176.3632615,0.,53.66563145,-185.9032006,144.,0.,0.,0.,26.83281572,-92.95160030,72.,0.,0.,0.,0.,0.,0.,0.},
			{340.8225342,-80.49844717,0.,0.,-1366.103948,197.1801207,0.,1872.,-124.7076582,-819.7560616,-455.3679830,65.72670689,0.,764.2407998,-50.91168823,-380.9881888,312.,-20.78460970,-190.4940944,-81.97560616},
			{-80.49844713,92.95160030,0.,0.,197.1801207,-227.6839914,0.,-124.7076582,144.,0.,65.72670689,-75.89466382,0.,-50.91168823,58.78775383,0.,-20.78460970,24.,0.,0.},
			{-105.8300523,0.,0.,0.,518.4592560,0.,0.,-819.7560616,0.,400.,129.6148141,0.,0.,-267.7312084,0.,154.9193338,-81.97560616,0.,61.96773354,20.},
			{-416.4132569,254.5584412,-65.72670689,0.,610.000000,-207.8460970,26.83281572,-455.3679830,65.72670689,129.6148141,1220.000000,-415.6921939,53.66563145,-743.6128021,107.3312629,200.7984063,-1366.103948,197.1801207,301.1976094,518.4592560},
			{254.5584411,-489.8979486,227.6839914,0.,-207.8460970,320.,-92.95160030,65.72670689,-75.89466382,0.,-415.6921939,640.,-185.9032006,107.3312629,-123.9354671,0.,197.1801207,-227.6839914,0.,0.},
			{-65.72670691,227.6839914,-176.3632615,0.,26.83281572,-92.95160030,72.,0.,0.,0.,53.66563145,-185.9032006,144.,0.,0.,0.,0.,0.,0.,0.},
			{278.2804344,-65.72670689,0.,0.,-743.6128021,107.3312629,0.,764.2407998,-50.91168823,-267.7312084,-743.6128021,107.3312629,0.,832.,-55.42562586,-311.0755536,764.2407998,-50.91168823,-311.0755536,-267.7312084},
			{-65.72670689,75.89466382,0.,0.,107.3312629,-123.9354671,0.,-50.91168823,58.78775383,0.,107.3312629,-123.9354671,0.,-55.42562586,64.,0.,-50.91168823,58.78775383,0.,0.},
			{-81.9756061,0.,0.,0.,301.1976094,0.,0.,-380.9881888,0.,154.9193338,200.7984063,0.,0.,-311.0755536,0.,144.,-190.4940944,0.,108.,61.96773354},
			{340.8225342,-80.49844717,0.,0.,-455.3679830,65.72670689,0.,312.,-20.78460970,-81.97560616,-1366.103948,197.1801207,0.,764.2407998,-50.91168823,-190.4940944,1872.,-124.7076582,-380.9881888,-819.7560616},
			{-80.49844713,92.95160030,0.,0.,65.72670689,-75.89466382,0.,-20.78460970,24.,0.,197.1801207,-227.6839914,0.,-50.91168823,58.78775383,0.,-124.7076582,144.,0.,0.},
			{-81.9756061,0.,0.,0.,200.7984063,0.,0.,-190.4940944,0.,61.96773354,301.1976094,0.,0.,-311.0755536,0.,108.,-380.9881888,0.,144.,154.9193338},
			{-105.8300523,0.,0.,0.,129.6148141,0.,0.,-81.97560616,0.,20.,518.4592560,0.,0.,-267.7312084,0.,61.96773354,-819.7560616,0.,154.9193338,400.}
		};

#if CONFIG_ENABLE_INTEL_SIMD_PRAGMA
#pragma simd
#endif
		for (int i = 0; i < 20; i++)
		{
			o_output[i] = 0;

#if CONFIG_ENABLE_INTEL_SIMD_PRAGMA
#pragma simd
#endif
			for (int j = 0; j < 20; j++)
				o_output[i] += matrix[i][j]*i_input[j];
		}
	}

	/*********************************************************
	 * timestep_inv_mass
	 *********************************************************/
public:
	static inline void madd_timestep_inv_mass(
		const T i_input[20],
		T o_output[20]
	) {
		static const T matrix[20][20] = 
		{
			{260.000002,-329.0896534,214.6625259,-52.91502622,-416.4132569,254.5584411,-65.72670691,340.8225342,-80.49844713,-105.8300523,-416.4132569,254.5584411,-65.72670691,278.2804344,-65.72670689,-81.9756061,340.8225342,-80.49844713,-81.9756061,-105.8300523},
			{-329.0896534,1020.,-1068.943403,366.6060557,254.5584412,-489.8979486,227.6839914,-80.49844717,92.95160030,0.,254.5584412,-489.8979486,227.6839914,-65.72670689,75.89466382,0.,-80.49844717,92.95160030,0.,0.},
			{214.6625259,-1068.943403,1584.,-709.9295738,-65.72670689,227.6839914,-176.3632615,0.,0.,0.,-65.72670689,227.6839914,-176.3632615,0.,0.,0.,0.,0.,0.,0.},
			{-52.91502622,366.6060557,-709.9295738,400.,0.,0.,0.,0.,0.,0.,0.,0.,0.,0.,0.,0.,0.,0.,0.,0.},
			{-416.4132569,254.5584412,-65.72670689,0.,1220.000000,-415.6921939,53.66563145,-1366.103948,197.1801207,518.4592560,610.000000,-207.8460970,26.83281572,-743.6128021,107.3312629,301.1976094,-455.3679830,65.72670689,200.7984063,129.6148141},
			{254.5584411,-489.8979486,227.6839914,0.,-415.6921939,640.,-185.9032006,197.1801207,-227.6839914,0.,-207.8460970,320.,-92.95160030,107.3312629,-123.9354671,0.,65.72670689,-75.89466382,0.,0.},
			{-65.72670691,227.6839914,-176.3632615,0.,53.66563145,-185.9032006,144.,0.,0.,0.,26.83281572,-92.95160030,72.,0.,0.,0.,0.,0.,0.,0.},
			{340.8225342,-80.49844717,0.,0.,-1366.103948,197.1801207,0.,1872.,-124.7076582,-819.7560616,-455.3679830,65.72670689,0.,764.2407998,-50.91168823,-380.9881888,312.,-20.78460970,-190.4940944,-81.97560616},
			{-80.49844713,92.95160030,0.,0.,197.1801207,-227.6839914,0.,-124.7076582,144.,0.,65.72670689,-75.89466382,0.,-50.91168823,58.78775383,0.,-20.78460970,24.,0.,0.},
			{-105.8300523,0.,0.,0.,518.4592560,0.,0.,-819.7560616,0.,400.,129.6148141,0.,0.,-267.7312084,0.,154.9193338,-81.97560616,0.,61.96773354,20.},
			{-416.4132569,254.5584412,-65.72670689,0.,610.000000,-207.8460970,26.83281572,-455.3679830,65.72670689,129.6148141,1220.000000,-415.6921939,53.66563145,-743.6128021,107.3312629,200.7984063,-1366.103948,197.1801207,301.1976094,518.4592560},
			{254.5584411,-489.8979486,227.6839914,0.,-207.8460970,320.,-92.95160030,65.72670689,-75.89466382,0.,-415.6921939,640.,-185.9032006,107.3312629,-123.9354671,0.,197.1801207,-227.6839914,0.,0.},
			{-65.72670691,227.6839914,-176.3632615,0.,26.83281572,-92.95160030,72.,0.,0.,0.,53.66563145,-185.9032006,144.,0.,0.,0.,0.,0.,0.,0.},
			{278.2804344,-65.72670689,0.,0.,-743.6128021,107.3312629,0.,764.2407998,-50.91168823,-267.7312084,-743.6128021,107.3312629,0.,832.,-55.42562586,-311.0755536,764.2407998,-50.91168823,-311.0755536,-267.7312084},
			{-65.72670689,75.89466382,0.,0.,107.3312629,-123.9354671,0.,-50.91168823,58.78775383,0.,107.3312629,-123.9354671,0.,-55.42562586,64.,0.,-50.91168823,58.78775383,0.,0.},
			{-81.9756061,0.,0.,0.,301.1976094,0.,0.,-380.9881888,0.,154.9193338,200.7984063,0.,0.,-311.0755536,0.,144.,-190.4940944,0.,108.,61.96773354},
			{340.8225342,-80.49844717,0.,0.,-455.3679830,65.72670689,0.,312.,-20.78460970,-81.97560616,-1366.103948,197.1801207,0.,764.2407998,-50.91168823,-190.4940944,1872.,-124.7076582,-380.9881888,-819.7560616},
			{-80.49844713,92.95160030,0.,0.,65.72670689,-75.89466382,0.,-20.78460970,24.,0.,197.1801207,-227.6839914,0.,-50.91168823,58.78775383,0.,-124.7076582,144.,0.,0.},
			{-81.9756061,0.,0.,0.,200.7984063,0.,0.,-190.4940944,0.,61.96773354,301.1976094,0.,0.,-311.0755536,0.,108.,-380.9881888,0.,144.,154.9193338},
			{-105.8300523,0.,0.,0.,129.6148141,0.,0.,-81.97560616,0.,20.,518.4592560,0.,0.,-267.7312084,0.,61.96773354,-819.7560616,0.,154.9193338,400.}
		};

#if CONFIG_ENABLE_INTEL_SIMD_PRAGMA
#pragma simd
#endif
		for (int i = 0; i < 20; i++)
		{
#if CONFIG_ENABLE_INTEL_SIMD_PRAGMA
#pragma simd
#endif
			for (int j = 0; j < 20; j++)
				o_output[i] += matrix[i][j]*i_input[j];
		}
	}


	/*********************************************************
	 * timestep_stiffness_u
	 *********************************************************/
public:
	static inline void mul_timestep_stiffness_u(
		const T i_input[20],
		T o_output[20]
	) {
		static const T matrix[20][20] = 
		{
			{0.,0.,0.,0.,0.,0.,0.,0.,0.,0.,0.,0.,0.,0.,0.,0.,0.,0.,0.,0.},
			{0.,0.,0.,0.,0.,0.,0.,0.,0.,0.,0.,0.,0.,0.,0.,0.,0.,0.,0.,0.},
			{0.,0.,0.,0.,0.,0.,0.,0.,0.,0.,0.,0.,0.,0.,0.,0.,0.,0.,0.,0.},
			{0.,0.,0.,0.,0.,0.,0.,0.,0.,0.,0.,0.,0.,0.,0.,0.,0.,0.,0.,0.},
			{0.,0.,0.,0.,0.,0.,0.,0.,0.,0.,0.,0.,0.,0.,0.,0.,0.,0.,0.,0.},
			{0.,0.,0.,0.,0.,0.,0.,0.,0.,0.,0.,0.,0.,0.,0.,0.,0.,0.,0.,0.},
			{0.,0.,0.,0.,0.,0.,0.,0.,0.,0.,0.,0.,0.,0.,0.,0.,0.,0.,0.,0.},
			{0.,0.,0.,0.,0.,0.,0.,0.,0.,0.,0.,0.,0.,0.,0.,0.,0.,0.,0.,0.},
			{0.,0.,0.,0.,0.,0.,0.,0.,0.,0.,0.,0.,0.,0.,0.,0.,0.,0.,0.,0.},
			{0.,0.,0.,0.,0.,0.,0.,0.,0.,0.,0.,0.,0.,0.,0.,0.,0.,0.,0.,0.},
			{2.449489743,2.121320343,1.825741858,1.620185175,2.,1.732050808,1.490711985,1.581138830,1.369306394,1.296148140,2.,1.732050808,1.490711985,1.936491673,1.677050983,1.673320053,1.581138830,1.369306394,1.673320053,1.296148140},
			{2.121320343,2.449489743,2.371708245,2.244994432,1.732050808,2.,1.936491673,1.369306394,1.581138830,1.122497216,1.732050808,2.,1.936491673,1.677050983,1.936491673,1.449137675,1.369306394,1.581138830,1.449137675,1.122497216},
			{1.825741857,2.371708244,2.449489743,2.415229459,1.490711985,1.936491673,2.,1.178511302,1.530931089,.9660917834,1.490711985,1.936491673,2.,1.443375673,1.875000000,1.247219129,1.178511302,1.530931089,1.247219129,.9660917834},
			{3.162277659,2.738612787,2.357022604,2.091650066,3.872983346,3.354101966,2.886751347,3.674234614,3.181980514,3.346640106,1.936491673,1.677050983,1.443375673,3.,2.598076212,3.240370349,1.224744872,1.060660172,2.160246899,.8366600264},
			{2.738612786,3.162277659,3.061862179,2.898275350,3.354101966,3.872983346,3.750000000,3.181980514,3.674234614,2.898275350,1.677050983,1.936491673,1.875000000,2.598076212,3.,2.806243040,1.060660172,1.224744872,1.870828694,.7245688375},
			{3.415650256,2.958039892,2.545875386,2.259240285,5.019960159,4.347413025,3.741657387,5.291502622,4.582575695,5.163977793,1.673320053,1.449137675,1.247219129,3.240370349,2.806243040,4.,.8819171036,.7637626160,2.,.5163977793},
			{2.581988897,2.236067977,1.924500898,1.707825129,1.581138830,1.369306394,1.178511302,1.,.8660254040,.6831300514,3.162277660,2.738612788,2.357022604,2.449489743,2.121320343,1.763834207,3.,2.598076212,2.645751311,2.732520206},
			{2.236067977,2.581988897,2.500000000,2.366431913,1.369306394,1.581138830,1.530931089,.8660254040,1.,.5916079782,2.738612788,3.162277660,3.061862179,2.121320343,2.449489743,1.527525232,2.598076212,3.,2.291287848,2.366431913},
			{3.415650256,2.958039892,2.545875386,2.259240285,3.346640106,2.898275350,2.494438258,2.645751311,2.291287848,2.065591118,3.346640106,2.898275350,2.494438258,4.320493799,3.741657387,4.,2.645751311,2.291287848,4.,2.065591118},
			{2.645751311,2.291287848,1.972026594,1.750000000,1.296148140,1.122497216,.9660917834,.6831300514,.5916079782,.4000000000,3.888444420,3.367491648,2.898275350,2.509980079,2.173706512,1.549193338,4.098780308,3.549647869,3.098386677,4.}
		};

#if CONFIG_ENABLE_INTEL_SIMD_PRAGMA
#pragma simd
#endif
		for (int i = 0; i < 20; i++)
		{
			o_output[i] = 0;

#if CONFIG_ENABLE_INTEL_SIMD_PRAGMA
#pragma simd
#endif
			for (int j = 0; j < 20; j++)
				o_output[i] += matrix[i][j]*i_input[j];
		}
	}

	/*********************************************************
	 * timestep_stiffness_u
	 *********************************************************/
public:
	static inline void madd_timestep_stiffness_u(
		const T i_input[20],
		T o_output[20]
	) {
		static const T matrix[20][20] = 
		{
			{0.,0.,0.,0.,0.,0.,0.,0.,0.,0.,0.,0.,0.,0.,0.,0.,0.,0.,0.,0.},
			{0.,0.,0.,0.,0.,0.,0.,0.,0.,0.,0.,0.,0.,0.,0.,0.,0.,0.,0.,0.},
			{0.,0.,0.,0.,0.,0.,0.,0.,0.,0.,0.,0.,0.,0.,0.,0.,0.,0.,0.,0.},
			{0.,0.,0.,0.,0.,0.,0.,0.,0.,0.,0.,0.,0.,0.,0.,0.,0.,0.,0.,0.},
			{0.,0.,0.,0.,0.,0.,0.,0.,0.,0.,0.,0.,0.,0.,0.,0.,0.,0.,0.,0.},
			{0.,0.,0.,0.,0.,0.,0.,0.,0.,0.,0.,0.,0.,0.,0.,0.,0.,0.,0.,0.},
			{0.,0.,0.,0.,0.,0.,0.,0.,0.,0.,0.,0.,0.,0.,0.,0.,0.,0.,0.,0.},
			{0.,0.,0.,0.,0.,0.,0.,0.,0.,0.,0.,0.,0.,0.,0.,0.,0.,0.,0.,0.},
			{0.,0.,0.,0.,0.,0.,0.,0.,0.,0.,0.,0.,0.,0.,0.,0.,0.,0.,0.,0.},
			{0.,0.,0.,0.,0.,0.,0.,0.,0.,0.,0.,0.,0.,0.,0.,0.,0.,0.,0.,0.},
			{2.449489743,2.121320343,1.825741858,1.620185175,2.,1.732050808,1.490711985,1.581138830,1.369306394,1.296148140,2.,1.732050808,1.490711985,1.936491673,1.677050983,1.673320053,1.581138830,1.369306394,1.673320053,1.296148140},
			{2.121320343,2.449489743,2.371708245,2.244994432,1.732050808,2.,1.936491673,1.369306394,1.581138830,1.122497216,1.732050808,2.,1.936491673,1.677050983,1.936491673,1.449137675,1.369306394,1.581138830,1.449137675,1.122497216},
			{1.825741857,2.371708244,2.449489743,2.415229459,1.490711985,1.936491673,2.,1.178511302,1.530931089,.9660917834,1.490711985,1.936491673,2.,1.443375673,1.875000000,1.247219129,1.178511302,1.530931089,1.247219129,.9660917834},
			{3.162277659,2.738612787,2.357022604,2.091650066,3.872983346,3.354101966,2.886751347,3.674234614,3.181980514,3.346640106,1.936491673,1.677050983,1.443375673,3.,2.598076212,3.240370349,1.224744872,1.060660172,2.160246899,.8366600264},
			{2.738612786,3.162277659,3.061862179,2.898275350,3.354101966,3.872983346,3.750000000,3.181980514,3.674234614,2.898275350,1.677050983,1.936491673,1.875000000,2.598076212,3.,2.806243040,1.060660172,1.224744872,1.870828694,.7245688375},
			{3.415650256,2.958039892,2.545875386,2.259240285,5.019960159,4.347413025,3.741657387,5.291502622,4.582575695,5.163977793,1.673320053,1.449137675,1.247219129,3.240370349,2.806243040,4.,.8819171036,.7637626160,2.,.5163977793},
			{2.581988897,2.236067977,1.924500898,1.707825129,1.581138830,1.369306394,1.178511302,1.,.8660254040,.6831300514,3.162277660,2.738612788,2.357022604,2.449489743,2.121320343,1.763834207,3.,2.598076212,2.645751311,2.732520206},
			{2.236067977,2.581988897,2.500000000,2.366431913,1.369306394,1.581138830,1.530931089,.8660254040,1.,.5916079782,2.738612788,3.162277660,3.061862179,2.121320343,2.449489743,1.527525232,2.598076212,3.,2.291287848,2.366431913},
			{3.415650256,2.958039892,2.545875386,2.259240285,3.346640106,2.898275350,2.494438258,2.645751311,2.291287848,2.065591118,3.346640106,2.898275350,2.494438258,4.320493799,3.741657387,4.,2.645751311,2.291287848,4.,2.065591118},
			{2.645751311,2.291287848,1.972026594,1.750000000,1.296148140,1.122497216,.9660917834,.6831300514,.5916079782,.4000000000,3.888444420,3.367491648,2.898275350,2.509980079,2.173706512,1.549193338,4.098780308,3.549647869,3.098386677,4.}
		};

#if CONFIG_ENABLE_INTEL_SIMD_PRAGMA
#pragma simd
#endif
		for (int i = 0; i < 20; i++)
		{
#if CONFIG_ENABLE_INTEL_SIMD_PRAGMA
#pragma simd
#endif
			for (int j = 0; j < 20; j++)
				o_output[i] += matrix[i][j]*i_input[j];
		}
	}


	/*********************************************************
	 * timestep_stiffness_v
	 *********************************************************/
public:
	static inline void mul_timestep_stiffness_v(
		const T i_input[20],
		T o_output[20]
	) {
		static const T matrix[20][20] = 
		{
			{0.,0.,0.,0.,0.,0.,0.,0.,0.,0.,0.,0.,0.,0.,0.,0.,0.,0.,0.,0.},
			{0.,0.,0.,0.,0.,0.,0.,0.,0.,0.,0.,0.,0.,0.,0.,0.,0.,0.,0.,0.},
			{0.,0.,0.,0.,0.,0.,0.,0.,0.,0.,0.,0.,0.,0.,0.,0.,0.,0.,0.,0.},
			{0.,0.,0.,0.,0.,0.,0.,0.,0.,0.,0.,0.,0.,0.,0.,0.,0.,0.,0.,0.},
			{2.449489743,2.121320343,1.825741858,1.620185175,2.,1.732050808,1.490711985,1.581138830,1.369306394,1.296148140,2.,1.732050808,1.490711985,1.936491673,1.677050983,1.673320053,1.581138830,1.369306394,1.673320053,1.296148140},
			{2.121320343,2.449489743,2.371708245,2.244994432,1.732050808,2.,1.936491673,1.369306394,1.581138830,1.122497216,1.732050808,2.,1.936491673,1.677050983,1.936491673,1.449137675,1.369306394,1.581138830,1.449137675,1.122497216},
			{1.825741857,2.371708244,2.449489743,2.415229459,1.490711985,1.936491673,2.,1.178511302,1.530931089,.9660917834,1.490711985,1.936491673,2.,1.443375673,1.875000000,1.247219129,1.178511302,1.530931089,1.247219129,.9660917834},
			{2.581988897,2.236067977,1.924500898,1.707825129,3.162277660,2.738612788,2.357022604,3.,2.598076212,2.732520206,1.581138830,1.369306394,1.178511302,2.449489743,2.121320343,2.645751311,1.,.8660254040,1.763834207,.6831300514},
			{2.236067977,2.581988897,2.500000000,2.366431913,2.738612788,3.162277660,3.061862179,2.598076212,3.,2.366431913,1.369306394,1.581138830,1.530931089,2.121320343,2.449489743,2.291287848,.8660254040,1.,1.527525232,.5916079782},
			{2.645751311,2.291287848,1.972026594,1.750000000,3.888444420,3.367491648,2.898275350,4.098780308,3.549647869,4.,1.296148140,1.122497216,.9660917834,2.509980079,2.173706512,3.098386677,.6831300514,.5916079782,1.549193338,.4000000000},
			{0.,0.,0.,0.,0.,0.,0.,0.,0.,0.,0.,0.,0.,0.,0.,0.,0.,0.,0.,0.},
			{0.,0.,0.,0.,0.,0.,0.,0.,0.,0.,0.,0.,0.,0.,0.,0.,0.,0.,0.,0.},
			{0.,0.,0.,0.,0.,0.,0.,0.,0.,0.,0.,0.,0.,0.,0.,0.,0.,0.,0.,0.},
			{3.162277659,2.738612787,2.357022604,2.091650066,1.936491673,1.677050983,1.443375673,1.224744872,1.060660172,.8366600264,3.872983346,3.354101966,2.886751347,3.,2.598076212,2.160246899,3.674234614,3.181980514,3.240370349,3.346640106},
			{2.738612786,3.162277659,3.061862179,2.898275350,1.677050983,1.936491673,1.875000000,1.060660172,1.224744872,.7245688375,3.354101966,3.872983346,3.750000000,2.598076212,3.,1.870828694,3.181980514,3.674234614,2.806243040,2.898275350},
			{3.415650256,2.958039892,2.545875386,2.259240285,3.346640106,2.898275350,2.494438258,2.645751311,2.291287848,2.065591118,3.346640106,2.898275350,2.494438258,4.320493799,3.741657387,4.,2.645751311,2.291287848,4.,2.065591118},
			{0.,0.,0.,0.,0.,0.,0.,0.,0.,0.,0.,0.,0.,0.,0.,0.,0.,0.,0.,0.},
			{0.,0.,0.,0.,0.,0.,0.,0.,0.,0.,0.,0.,0.,0.,0.,0.,0.,0.,0.,0.},
			{3.415650256,2.958039892,2.545875386,2.259240285,1.673320053,1.449137675,1.247219129,.8819171036,.7637626160,.5163977793,5.019960159,4.347413025,3.741657387,3.240370349,2.806243040,2.,5.291502622,4.582575695,4.,5.163977793},
			{0.,0.,0.,0.,0.,0.,0.,0.,0.,0.,0.,0.,0.,0.,0.,0.,0.,0.,0.,0.}
		};

#if CONFIG_ENABLE_INTEL_SIMD_PRAGMA
#pragma simd
#endif
		for (int i = 0; i < 20; i++)
		{
			o_output[i] = 0;

#if CONFIG_ENABLE_INTEL_SIMD_PRAGMA
#pragma simd
#endif
			for (int j = 0; j < 20; j++)
				o_output[i] += matrix[i][j]*i_input[j];
		}
	}

	/*********************************************************
	 * timestep_stiffness_v
	 *********************************************************/
public:
	static inline void madd_timestep_stiffness_v(
		const T i_input[20],
		T o_output[20]
	) {
		static const T matrix[20][20] = 
		{
			{0.,0.,0.,0.,0.,0.,0.,0.,0.,0.,0.,0.,0.,0.,0.,0.,0.,0.,0.,0.},
			{0.,0.,0.,0.,0.,0.,0.,0.,0.,0.,0.,0.,0.,0.,0.,0.,0.,0.,0.,0.},
			{0.,0.,0.,0.,0.,0.,0.,0.,0.,0.,0.,0.,0.,0.,0.,0.,0.,0.,0.,0.},
			{0.,0.,0.,0.,0.,0.,0.,0.,0.,0.,0.,0.,0.,0.,0.,0.,0.,0.,0.,0.},
			{2.449489743,2.121320343,1.825741858,1.620185175,2.,1.732050808,1.490711985,1.581138830,1.369306394,1.296148140,2.,1.732050808,1.490711985,1.936491673,1.677050983,1.673320053,1.581138830,1.369306394,1.673320053,1.296148140},
			{2.121320343,2.449489743,2.371708245,2.244994432,1.732050808,2.,1.936491673,1.369306394,1.581138830,1.122497216,1.732050808,2.,1.936491673,1.677050983,1.936491673,1.449137675,1.369306394,1.581138830,1.449137675,1.122497216},
			{1.825741857,2.371708244,2.449489743,2.415229459,1.490711985,1.936491673,2.,1.178511302,1.530931089,.9660917834,1.490711985,1.936491673,2.,1.443375673,1.875000000,1.247219129,1.178511302,1.530931089,1.247219129,.9660917834},
			{2.581988897,2.236067977,1.924500898,1.707825129,3.162277660,2.738612788,2.357022604,3.,2.598076212,2.732520206,1.581138830,1.369306394,1.178511302,2.449489743,2.121320343,2.645751311,1.,.8660254040,1.763834207,.6831300514},
			{2.236067977,2.581988897,2.500000000,2.366431913,2.738612788,3.162277660,3.061862179,2.598076212,3.,2.366431913,1.369306394,1.581138830,1.530931089,2.121320343,2.449489743,2.291287848,.8660254040,1.,1.527525232,.5916079782},
			{2.645751311,2.291287848,1.972026594,1.750000000,3.888444420,3.367491648,2.898275350,4.098780308,3.549647869,4.,1.296148140,1.122497216,.9660917834,2.509980079,2.173706512,3.098386677,.6831300514,.5916079782,1.549193338,.4000000000},
			{0.,0.,0.,0.,0.,0.,0.,0.,0.,0.,0.,0.,0.,0.,0.,0.,0.,0.,0.,0.},
			{0.,0.,0.,0.,0.,0.,0.,0.,0.,0.,0.,0.,0.,0.,0.,0.,0.,0.,0.,0.},
			{0.,0.,0.,0.,0.,0.,0.,0.,0.,0.,0.,0.,0.,0.,0.,0.,0.,0.,0.,0.},
			{3.162277659,2.738612787,2.357022604,2.091650066,1.936491673,1.677050983,1.443375673,1.224744872,1.060660172,.8366600264,3.872983346,3.354101966,2.886751347,3.,2.598076212,2.160246899,3.674234614,3.181980514,3.240370349,3.346640106},
			{2.738612786,3.162277659,3.061862179,2.898275350,1.677050983,1.936491673,1.875000000,1.060660172,1.224744872,.7245688375,3.354101966,3.872983346,3.750000000,2.598076212,3.,1.870828694,3.181980514,3.674234614,2.806243040,2.898275350},
			{3.415650256,2.958039892,2.545875386,2.259240285,3.346640106,2.898275350,2.494438258,2.645751311,2.291287848,2.065591118,3.346640106,2.898275350,2.494438258,4.320493799,3.741657387,4.,2.645751311,2.291287848,4.,2.065591118},
			{0.,0.,0.,0.,0.,0.,0.,0.,0.,0.,0.,0.,0.,0.,0.,0.,0.,0.,0.,0.},
			{0.,0.,0.,0.,0.,0.,0.,0.,0.,0.,0.,0.,0.,0.,0.,0.,0.,0.,0.,0.},
			{3.415650256,2.958039892,2.545875386,2.259240285,1.673320053,1.449137675,1.247219129,.8819171036,.7637626160,.5163977793,5.019960159,4.347413025,3.741657387,3.240370349,2.806243040,2.,5.291502622,4.582575695,4.,5.163977793},
			{0.,0.,0.,0.,0.,0.,0.,0.,0.,0.,0.,0.,0.,0.,0.,0.,0.,0.,0.,0.}
		};

#if CONFIG_ENABLE_INTEL_SIMD_PRAGMA
#pragma simd
#endif
		for (int i = 0; i < 20; i++)
		{
#if CONFIG_ENABLE_INTEL_SIMD_PRAGMA
#pragma simd
#endif
			for (int j = 0; j < 20; j++)
				o_output[i] += matrix[i][j]*i_input[j];
		}
	}


	/*********************************************************
	 * timestep_dofs_to_hyp_face
	 *********************************************************/
public:
	static inline void mul_timestep_dofs_to_hyp_face(
		const T i_input[20],
		T o_output[4]
	) {
		static const T matrix[4][20] = 
		{
			{1.414213562,.1700725905,.1524464801e-1,.1252391530e-2,.2405189635,.2892468600e-1,.2592696785e-2,.2640450499e-1,.3175392072e-2,.2504783060e-2,3.223582651,.3876663793,.3474891228e-1,.866848376,.1042467368,.1300185243,4.743042334,.5703958130,1.742587995,6.030295213},
			{1.414213562,.1700725905,.1524464801e-1,.1252391530e-2,1.143186367,.1374790002,.1232308492e-1,.5965041289,.7173527742e-1,.2689510557,2.320915249,.2791120656,.2501852413e-1,2.966411012,.3567390516,2.114760201,2.458656996,.2956768161,4.293419991,2.250608683},
			{1.414213562,.1700725905,.1524464801e-1,.1252391530e-2,2.320915249,.2791120656,.2501852413e-1,2.458656996,.2956768161,2.250608683,1.143186367,.1374790002,.1232308492e-1,2.966411012,.3567390516,4.293419991,.5965041289,.7173527742e-1,2.114760201,.2689510557},
			{1.414213562,.1700725905,.1524464801e-1,.1252391530e-2,3.223582651,.3876663793,.3474891228e-1,4.743042334,.5703958130,6.030295213,.2405189635,.2892468600e-1,.2592696785e-2,.866848376,.1042467368,1.742587995,.2640450499e-1,.3175392072e-2,.1300185243,.2504783060e-2}
		};

#if CONFIG_ENABLE_INTEL_SIMD_PRAGMA
#pragma simd
#endif
		for (int i = 0; i < 4; i++)
		{
			o_output[i] = 0;

#if CONFIG_ENABLE_INTEL_SIMD_PRAGMA
#pragma simd
#endif
			for (int j = 0; j < 20; j++)
				o_output[i] += matrix[i][j]*i_input[j];
		}
	}

	/*********************************************************
	 * timestep_dofs_to_hyp_face
	 *********************************************************/
public:
	static inline void madd_timestep_dofs_to_hyp_face(
		const T i_input[20],
		T o_output[4]
	) {
		static const T matrix[4][20] = 
		{
			{1.414213562,.1700725905,.1524464801e-1,.1252391530e-2,.2405189635,.2892468600e-1,.2592696785e-2,.2640450499e-1,.3175392072e-2,.2504783060e-2,3.223582651,.3876663793,.3474891228e-1,.866848376,.1042467368,.1300185243,4.743042334,.5703958130,1.742587995,6.030295213},
			{1.414213562,.1700725905,.1524464801e-1,.1252391530e-2,1.143186367,.1374790002,.1232308492e-1,.5965041289,.7173527742e-1,.2689510557,2.320915249,.2791120656,.2501852413e-1,2.966411012,.3567390516,2.114760201,2.458656996,.2956768161,4.293419991,2.250608683},
			{1.414213562,.1700725905,.1524464801e-1,.1252391530e-2,2.320915249,.2791120656,.2501852413e-1,2.458656996,.2956768161,2.250608683,1.143186367,.1374790002,.1232308492e-1,2.966411012,.3567390516,4.293419991,.5965041289,.7173527742e-1,2.114760201,.2689510557},
			{1.414213562,.1700725905,.1524464801e-1,.1252391530e-2,3.223582651,.3876663793,.3474891228e-1,4.743042334,.5703958130,6.030295213,.2405189635,.2892468600e-1,.2592696785e-2,.866848376,.1042467368,1.742587995,.2640450499e-1,.3175392072e-2,.1300185243,.2504783060e-2}
		};

#if CONFIG_ENABLE_INTEL_SIMD_PRAGMA
#pragma simd
#endif
		for (int i = 0; i < 4; i++)
		{
#if CONFIG_ENABLE_INTEL_SIMD_PRAGMA
#pragma simd
#endif
			for (int j = 0; j < 20; j++)
				o_output[i] += matrix[i][j]*i_input[j];
		}
	}


	/*********************************************************
	 * timestep_dofs_to_left_face
	 *********************************************************/
public:
	static inline void mul_timestep_dofs_to_left_face(
		const T i_input[20],
		T o_output[4]
	) {
		static const T matrix[4][20] = 
		{
			{1.414213562,.1700725905,.1524464801e-1,.1252391530e-2,0.,0.,0.,0.,0.,0.,.2405189635,.2892468600e-1,.2592696785e-2,0.,0.,0.,.2640450499e-1,.3175392072e-2,0.,.2504783060e-2},
			{1.414213562,.1700725905,.1524464801e-1,.1252391530e-2,0.,0.,0.,0.,0.,0.,1.143186367,.1374790002,.1232308492e-1,0.,0.,0.,.5965041289,.7173527742e-1,0.,.2689510557},
			{1.414213562,.1700725905,.1524464801e-1,.1252391530e-2,0.,0.,0.,0.,0.,0.,2.320915249,.2791120656,.2501852413e-1,0.,0.,0.,2.458656996,.2956768161,0.,2.250608683},
			{1.414213562,.1700725905,.1524464801e-1,.1252391530e-2,0.,0.,0.,0.,0.,0.,3.223582651,.3876663793,.3474891228e-1,0.,0.,0.,4.743042334,.5703958130,0.,6.030295213}
		};

#if CONFIG_ENABLE_INTEL_SIMD_PRAGMA
#pragma simd
#endif
		for (int i = 0; i < 4; i++)
		{
			o_output[i] = 0;

#if CONFIG_ENABLE_INTEL_SIMD_PRAGMA
#pragma simd
#endif
			for (int j = 0; j < 20; j++)
				o_output[i] += matrix[i][j]*i_input[j];
		}
	}

	/*********************************************************
	 * timestep_dofs_to_left_face
	 *********************************************************/
public:
	static inline void madd_timestep_dofs_to_left_face(
		const T i_input[20],
		T o_output[4]
	) {
		static const T matrix[4][20] = 
		{
			{1.414213562,.1700725905,.1524464801e-1,.1252391530e-2,0.,0.,0.,0.,0.,0.,.2405189635,.2892468600e-1,.2592696785e-2,0.,0.,0.,.2640450499e-1,.3175392072e-2,0.,.2504783060e-2},
			{1.414213562,.1700725905,.1524464801e-1,.1252391530e-2,0.,0.,0.,0.,0.,0.,1.143186367,.1374790002,.1232308492e-1,0.,0.,0.,.5965041289,.7173527742e-1,0.,.2689510557},
			{1.414213562,.1700725905,.1524464801e-1,.1252391530e-2,0.,0.,0.,0.,0.,0.,2.320915249,.2791120656,.2501852413e-1,0.,0.,0.,2.458656996,.2956768161,0.,2.250608683},
			{1.414213562,.1700725905,.1524464801e-1,.1252391530e-2,0.,0.,0.,0.,0.,0.,3.223582651,.3876663793,.3474891228e-1,0.,0.,0.,4.743042334,.5703958130,0.,6.030295213}
		};

#if CONFIG_ENABLE_INTEL_SIMD_PRAGMA
#pragma simd
#endif
		for (int i = 0; i < 4; i++)
		{
#if CONFIG_ENABLE_INTEL_SIMD_PRAGMA
#pragma simd
#endif
			for (int j = 0; j < 20; j++)
				o_output[i] += matrix[i][j]*i_input[j];
		}
	}


	/*********************************************************
	 * timestep_dofs_to_right_face
	 *********************************************************/
public:
	static inline void mul_timestep_dofs_to_right_face(
		const T i_input[20],
		T o_output[4]
	) {
		static const T matrix[4][20] = 
		{
			{1.414213562,.1700725905,.1524464801e-1,.1252391530e-2,3.223582651,.3876663793,.3474891228e-1,4.743042334,.5703958130,6.030295213,0.,0.,0.,0.,0.,0.,0.,0.,0.,0.},
			{1.414213562,.1700725905,.1524464801e-1,.1252391530e-2,2.320915249,.2791120656,.2501852413e-1,2.458656996,.2956768161,2.250608683,0.,0.,0.,0.,0.,0.,0.,0.,0.,0.},
			{1.414213562,.1700725905,.1524464801e-1,.1252391530e-2,1.143186367,.1374790002,.1232308492e-1,.5965041289,.7173527742e-1,.2689510557,0.,0.,0.,0.,0.,0.,0.,0.,0.,0.},
			{1.414213562,.1700725905,.1524464801e-1,.1252391530e-2,.2405189635,.2892468600e-1,.2592696785e-2,.2640450499e-1,.3175392072e-2,.2504783060e-2,0.,0.,0.,0.,0.,0.,0.,0.,0.,0.}
		};

#if CONFIG_ENABLE_INTEL_SIMD_PRAGMA
#pragma simd
#endif
		for (int i = 0; i < 4; i++)
		{
			o_output[i] = 0;

#if CONFIG_ENABLE_INTEL_SIMD_PRAGMA
#pragma simd
#endif
			for (int j = 0; j < 20; j++)
				o_output[i] += matrix[i][j]*i_input[j];
		}
	}

	/*********************************************************
	 * timestep_dofs_to_right_face
	 *********************************************************/
public:
	static inline void madd_timestep_dofs_to_right_face(
		const T i_input[20],
		T o_output[4]
	) {
		static const T matrix[4][20] = 
		{
			{1.414213562,.1700725905,.1524464801e-1,.1252391530e-2,3.223582651,.3876663793,.3474891228e-1,4.743042334,.5703958130,6.030295213,0.,0.,0.,0.,0.,0.,0.,0.,0.,0.},
			{1.414213562,.1700725905,.1524464801e-1,.1252391530e-2,2.320915249,.2791120656,.2501852413e-1,2.458656996,.2956768161,2.250608683,0.,0.,0.,0.,0.,0.,0.,0.,0.,0.},
			{1.414213562,.1700725905,.1524464801e-1,.1252391530e-2,1.143186367,.1374790002,.1232308492e-1,.5965041289,.7173527742e-1,.2689510557,0.,0.,0.,0.,0.,0.,0.,0.,0.,0.},
			{1.414213562,.1700725905,.1524464801e-1,.1252391530e-2,.2405189635,.2892468600e-1,.2592696785e-2,.2640450499e-1,.3175392072e-2,.2504783060e-2,0.,0.,0.,0.,0.,0.,0.,0.,0.,0.}
		};

#if CONFIG_ENABLE_INTEL_SIMD_PRAGMA
#pragma simd
#endif
		for (int i = 0; i < 4; i++)
		{
#if CONFIG_ENABLE_INTEL_SIMD_PRAGMA
#pragma simd
#endif
			for (int j = 0; j < 20; j++)
				o_output[i] += matrix[i][j]*i_input[j];
		}
	}


	/*********************************************************
	 * timestep_hyp_fluxes_to_dofs
	 *********************************************************/
public:
	static inline void mul_timestep_hyp_fluxes_to_dofs(
		const T i_input[4],
		T o_output[20]
	) {
		static const T matrix[20][4] = 
		{
			{-.6050149664e-1,-.1134259259,-.1134259259,-.6050149664e-1},
			{-.7275878641e-2,-.1364054309e-1,-.1364054309e-1,-.7275878641e-2},
			{-.6521815710e-3,-.1222685433e-2,-.1222685433e-2,-.6521815710e-3},
			{-.5357858524e-4,-.1004471126e-3,-.1004471126e-3,-.5357858524e-4},
			{-.1028964625e-1,-.9168839524e-1,-.1861472469,-.1379081491},
			{-.1237427527e-2,-.110263988e-1,-.2238597139e-1,-.1658476255e-1},
			{-.1109182092e-3,-.9883636770e-3,-.2006591748e-2,-.1486593859e-2},
			{-.1129611617e-2,-.4784216114e-1,-.1971947192,-.2029121820},
			{-.1358465079e-3,-.5753473514e-2,-.2371453477e-1,-.2440211387e-1},
			{-.1071571705e-3,-.2157101540e-1,-.1805083621,-.2579821713},
			{-.1379081491,-.1861472469,-.9168839524e-1,-.1028964625e-1},
			{-.1658476255e-1,-.2238597139e-1,-.110263988e-1,-.1237427527e-2},
			{-.1486593859e-2,-.2006591748e-2,-.9883636770e-3,-.1109182092e-3},
			{-.3708465643e-1,-.2379187449,-.2379187449,-.3708465643e-1},
			{-.4459781576e-2,-.2861198511e-1,-.2861198511e-1,-.4459781576e-2},
			{-.5562324896e-2,-.1696127377,-.3443504935,-.7454968932e-1},
			{-.2029121820,-.1971947192,-.4784216114e-1,-.1129611617e-2},
			{-.2440211387e-1,-.2371453477e-1,-.5753473514e-2,-.1358465079e-3},
			{-.7454968932e-1,-.3443504935,-.1696127377,-.5562324896e-2},
			{-.2579821713,-.1805083621,-.2157101540e-1,-.1071571705e-3}
		};

#if CONFIG_ENABLE_INTEL_SIMD_PRAGMA
#pragma simd
#endif
		for (int i = 0; i < 20; i++)
		{
			o_output[i] = 0;

#if CONFIG_ENABLE_INTEL_SIMD_PRAGMA
#pragma simd
#endif
			for (int j = 0; j < 4; j++)
				o_output[i] += matrix[i][j]*i_input[j];
		}
	}

	/*********************************************************
	 * timestep_hyp_fluxes_to_dofs
	 *********************************************************/
public:
	static inline void madd_timestep_hyp_fluxes_to_dofs(
		const T i_input[4],
		T o_output[20]
	) {
		static const T matrix[20][4] = 
		{
			{-.6050149664e-1,-.1134259259,-.1134259259,-.6050149664e-1},
			{-.7275878641e-2,-.1364054309e-1,-.1364054309e-1,-.7275878641e-2},
			{-.6521815710e-3,-.1222685433e-2,-.1222685433e-2,-.6521815710e-3},
			{-.5357858524e-4,-.1004471126e-3,-.1004471126e-3,-.5357858524e-4},
			{-.1028964625e-1,-.9168839524e-1,-.1861472469,-.1379081491},
			{-.1237427527e-2,-.110263988e-1,-.2238597139e-1,-.1658476255e-1},
