
/*
 * Copyright (C) 2013 Technische Universitaet Muenchen
 * This file is part of the Sierpinski project. For conditions of distribution and
 * use, please see the copyright notice in the file 'copyright.txt' at the root
 * directory of this package and the copyright notice at http://www5.in.tum.de/sierpinski
 *
 *  Created on: Apr 19, 2013
 *      Author: Martin Schreiber <martin.schreiber@in.tum.de>
 */

#ifndef CCOMPUTATION3D_MATRICES_CONST_HPP_
#define CCOMPUTATION3D_MATRICES_CONST_HPP_

#include <string.h>
#include <assert.h>

#include "../../subsimulation_generic/CConfig.hpp"
#include "../../subsimulation_generic/types/CTypes.hpp"
#include "libmath/CMatrixOperations.hpp"

#define SIMULATION_HYPERBOLIC_DEGREE_OF_BASIS_FUNCTIONS (5)
#define SIMULATION_HYPERBOLIC_NUMBER_OF_BASIS_FUNCTIONS (56)
#define SIMULATION_HYPERBOLIC_NUMBER_OF_CELL_DOFS (56)
#define SIMULATION_HYPERBOLIC_NUMBER_OF_EDGE_FACE_DOFS (144)
#define SIMULATION_HYPERBOLIC_NUMBER_OF_TOP_BOTTOM_FACE_DOFS (52)
#define SIMULATION_HYPERBOLIC_CFL	(0.5/(T)(2*5+1))
#define SIMULATION_HYPERBOLIC_INTEGRATION_CELL_DEGREE	(SIMULATION_HYPERBOLIC_DEGREE_OF_BASIS_FUNCTIONS)
#define SIMULATION_HYPERBOLIC_INTEGRATION_CELL_ORDER	(SIMULATION_HYPERBOLIC_DEGREE_OF_BASIS_FUNCTIONS*2)

class CDG_MatrixComputations_3D
{
	typedef CONFIG_DEFAULT_FLOATING_POINT_TYPE T;



public:
        static inline void mul_edge_comm_hyp_project_to_edge_space(
                        T io_hu[SIMULATION_HYPERBOLIC_NUMBER_OF_EDGE_FACE_DOFS],
                        T io_hv[SIMULATION_HYPERBOLIC_NUMBER_OF_EDGE_FACE_DOFS]
        ) {
#if CONFIG_ENABLE_INTEL_SIMD_PRAGMA
#pragma simd
#endif
                for (int i = 0; i < SIMULATION_HYPERBOLIC_NUMBER_OF_EDGE_FACE_DOFS; i++)
                {
                        /*
                         * rotate edge comm data to normal space
                         */
                        CTriangle_VectorProjections::toEdgeSpace<T,0>(
                                        &(io_hu[i]),
                                        &(io_hv[i])
                        );
                }
        }


public:
        static inline void mul_edge_comm_right_project_to_edge_space(
                        T io_hu[SIMULATION_HYPERBOLIC_NUMBER_OF_EDGE_FACE_DOFS],
                        T io_hv[SIMULATION_HYPERBOLIC_NUMBER_OF_EDGE_FACE_DOFS]
        ) {
#if CONFIG_ENABLE_INTEL_SIMD_PRAGMA
#pragma simd
#endif
                for (int i = 0; i < SIMULATION_HYPERBOLIC_NUMBER_OF_EDGE_FACE_DOFS; i++)
                {
                        /*
                         * rotate edge comm data to normal space
                         */
                        CTriangle_VectorProjections::toEdgeSpace<T,1>(
                                        &(io_hu[i]),
                                        &(io_hv[i])
                        );
                }
        }


public:
        static inline void mul_edge_comm_left_project_to_edge_space(
                        T io_hu[SIMULATION_HYPERBOLIC_NUMBER_OF_EDGE_FACE_DOFS],
                        T io_hv[SIMULATION_HYPERBOLIC_NUMBER_OF_EDGE_FACE_DOFS]
        ) {
#if CONFIG_ENABLE_INTEL_SIMD_PRAGMA
#pragma simd
#endif
                for (int i = 0; i < SIMULATION_HYPERBOLIC_NUMBER_OF_EDGE_FACE_DOFS; i++)
                {
                        /*
                         * rotate edge comm data to normal space
                         */
                        CTriangle_VectorProjections::toEdgeSpace<T,2>(
                                        &(io_hu[i]),
                                        &(io_hv[i])
                        );
                }
        }

public:
        static inline void mul_adaptivity_project_momentum_reference_to_left_child(
                        T io_hu[SIMULATION_HYPERBOLIC_NUMBER_OF_CELL_DOFS],
                        T io_hv[SIMULATION_HYPERBOLIC_NUMBER_OF_CELL_DOFS]
        ) {
#if CONFIG_ENABLE_INTEL_SIMD_PRAGMA
#pragma simd
#endif
                for (int i = 0; i < SIMULATION_HYPERBOLIC_NUMBER_OF_CELL_DOFS; i++)
                {
                        CTriangle_VectorProjections::changeFromReferenceElementToBasisWithXAxis(
                                        &io_hu[i], &io_hv[i],
                                        -(T)M_SQRT1_2, -(T)M_SQRT1_2
                                );
                }
        }

        static inline void mul_adaptivity_project_momentum_left_child_to_reference(
                        T io_hu[SIMULATION_HYPERBOLIC_NUMBER_OF_CELL_DOFS],
                        T io_hv[SIMULATION_HYPERBOLIC_NUMBER_OF_CELL_DOFS]
        ) {
#if CONFIG_ENABLE_INTEL_SIMD_PRAGMA
#pragma simd
#endif
                for (int i = 0; i < SIMULATION_HYPERBOLIC_NUMBER_OF_CELL_DOFS; i++)
                {
                        CTriangle_VectorProjections::changeFromReferenceElementToBasisWithXAxis(
                                        &io_hu[i],	&io_hv[i],
                                        -(T)M_SQRT1_2, (T)M_SQRT1_2
                        );
                }
        }



public:
        static inline void mul_adaptivity_project_momentum_reference_to_right_child(
                        T io_hu[SIMULATION_HYPERBOLIC_NUMBER_OF_CELL_DOFS],
                        T io_hv[SIMULATION_HYPERBOLIC_NUMBER_OF_CELL_DOFS]
        ) {
#if CONFIG_ENABLE_INTEL_SIMD_PRAGMA
#pragma simd
#endif
                for (int i = 0; i < SIMULATION_HYPERBOLIC_NUMBER_OF_CELL_DOFS; i++)
                {
                        CTriangle_VectorProjections::changeFromReferenceElementToBasisWithXAxis(
                                        &io_hu[i], &io_hv[i],
                                        -(T)M_SQRT1_2, (T)M_SQRT1_2
                                );
                }
        }

        static inline void mul_adaptivity_project_momentum_right_child_to_reference(
                        T io_hu[SIMULATION_HYPERBOLIC_NUMBER_OF_CELL_DOFS],
                        T io_hv[SIMULATION_HYPERBOLIC_NUMBER_OF_CELL_DOFS]
        ) {
#if CONFIG_ENABLE_INTEL_SIMD_PRAGMA
#pragma simd
#endif
                for (int i = 0; i < SIMULATION_HYPERBOLIC_NUMBER_OF_CELL_DOFS; i++)
                {
                        CTriangle_VectorProjections::changeFromReferenceElementToBasisWithXAxis(
                                        &io_hu[i],	&io_hv[i],
                                        -(T)M_SQRT1_2, -(T)M_SQRT1_2
                        );
                }
        }



#if CONFIG_SPHERICAL_DISTORTED_GRID_MODE==1

public:
	static inline void mul_edge_comm_transform_to_edge_space(
		const T i_rotationMatrix[2][2],
		const T i_inverseTransformationMatrix[2][2],
		T io_hu[56],
		T io_hv[56]
	) {
#if CONFIG_ENABLE_INTEL_SIMD_PRAGMA
#pragma simd
#endif
		for (int i = 0; i < 56; i++)
		{
			/*
			 * scale and shear from reference space
			 */
			CTriangle_VectorProjections::matrixTransformation<T>(
				i_inverseTransformationMatrix,
				&(io_hu[i]),
				&(io_hv[i])
			);

			/*
			 * rotate edge comm data to edge space
			 */
			CTriangle_VectorProjections::fromAnyEdgeToEdgeSpace<T>(
				i_rotationMatrix,
				&(io_hu[i]),
				&(io_hv[i])
			);

		}
	}
#endif


	/*********************************************************
	 * timestep_inv_mass
	 *********************************************************/
public:
	static inline void mul_timestep_inv_mass(
		const T i_input[56],
		T o_output[56]
	) {
		static const T matrix[56][56] = 
		{
			{1959.99950,-5383.2139,9015.826058,-8519.319340,4200.00000,-835.7894471,-6584.2284,10097.4849,-9661.82590,4925.362810,-1028.78570,13230.11101,-11457.6123,5819.69066,-1229.634099,-14816.2076,6782.212097,-1419.859143,8640.1667,-1626.65301,-2047.25769,-6584.2284,10097.4849,-9661.82590,4925.362810,-1028.78570,10802.34025,-9355.10139,4751.757564,-1003.99205,-11476.58483,5253.47885,-1099.81816,6531.35214,-1229.63410,-1525.93584,13230.11101,-11457.6123,5819.69066,-1229.634099,-11476.58483,5253.47885,-1099.81816,6196.18489,-1166.53333,-1412.74207,-14816.2076,6782.212097,-1419.859143,6531.35214,-1229.63410,-1412.74207,8640.1667,-1626.65301,-1525.93584,-2047.25769},
			{-5383.2139,33096.0000,-83609.96448,103016.3016,-61834.21385,14476.29787,10097.4848,-40465.5705,63751.51762,-44899.88862,11879.39392,-11457.61230,30581.07650,-27719.99999,8519.154887,6782.21205,-12064.62597,4918.536370,-1626.653003,1878.297097,0.,10097.4848,-40465.5705,63751.51762,-44899.88862,11879.39392,-9355.10127,24969.34437,-22633.28523,6955.860840,5253.47884,-9345.21910,3809.881889,-1229.634091,1419.85915,0.,-11457.61230,30581.07650,-27719.99999,8519.154887,5253.47884,-9345.21910,3809.881889,-1166.53333,1346.99667,0.,6782.21205,-12064.62597,4918.536370,-1229.634091,1419.85915,0.,-1626.653003,1878.297097,0.,0.},
			{9015.826058,-83609.96448,277200.,-416728.6598,293014.3477,-78493.04477,-9661.825918,63751.51762,-141972.4255,128683.4255,-41407.82533,5819.690715,-27720.,39039.67213,-16497.27251,-1419.859148,4918.536370,-3809.881888,0.,0.,0.,-9661.825918,63751.51762,-141972.4255,128683.4255,-41407.82533,4751.757568,-22633.28523,31875.75880,-13469.96659,-1099.818167,3809.881888,-2951.121822,0.,0.,0.,5819.690715,-27720.,39039.67213,-16497.27251,-1099.818167,3809.881888,-2951.121822,0.,0.,0.,-1419.859148,4918.536370,-3809.881888,0.,0.,0.,0.,0.,0.,0.},
			{-8519.319340,103016.3016,-416728.6598,734000.,-588944.2418,176903.2820,4925.362927,-44899.88862,128683.4255,-143050.2010,54438.22186,-1229.634092,8519.154886,-16497.27251,9295.160030,0.,0.,0.,0.,0.,0.,4925.362927,-44899.88862,128683.4255,-143050.2010,54438.22186,-1003.992031,6955.860840,-13469.96659,7589.466382,0.,0.,0.,0.,0.,0.,-1229.634092,8519.154886,-16497.27251,9295.160030,0.,0.,0.,0.,0.,0.,0.,0.,0.,0.,0.,0.,0.,0.,0.,0.},
			{4200.00000,-61834.21385,293014.3477,-588944.2418,529200.,-175515.7839,-1028.785692,11879.39392,-41407.82533,54438.22186,-24004.99948,0.,0.,0.,0.,0.,0.,0.,0.,0.,0.,-1028.785692,11879.39392,-41407.82533,54438.22186,-24004.99948,0.,0.,0.,0.,0.,0.,0.,0.,0.,0.,0.,0.,0.,0.,0.,0.,0.,0.,0.,0.,0.,0.,0.,0.,0.,0.,0.,0.,0.,0.},
			{-835.7894471,14476.29787,-78493.04477,176903.2820,-175515.7839,63504.,0.,0.,0.,0.,0.,0.,0.,0.,0.,0.,0.,0.,0.,0.,0.,0.,0.,0.,0.,0.,0.,0.,0.,0.,0.,0.,0.,0.,0.,0.,0.,0.,0.,0.,0.,0.,0.,0.,0.,0.,0.,0.,0.,0.,0.,0.,0.,0.,0.,0.},
			{-6584.2284,10097.4848,-9661.825918,4925.362927,-1028.785692,0.,39536.0001,-37827.9896,22915.22463,-7196.44356,840.,-106783.7919,62111.73800,-21382.90905,3011.976097,144131.6731,-46695.88421,6955.860840,-95851.44763,13281.56616,25073.68342,19768.0002,-18913.9949,11457.61232,-3598.221779,420.,-58125.73395,33809.34781,-11639.38143,1639.512123,83732.93531,-27127.85727,4040.989977,-57965.50700,8031.93625,15574.01680,-35594.59728,20703.91267,-7127.636351,1003.992032,55821.95698,-18085.23818,2693.993319,-41243.18141,5714.82284,11534.99025,36032.9184,-11673.97107,1738.965210,-28982.75339,4015.96813,8651.24267,-19170.28946,2656.313229,6229.60671,4178.947267},
			{10097.4849,-40465.5705,63751.51762,-44899.88862,11879.39392,0.,-37827.9896,112000.0001,-123625.6285,58656.96888,-9699.484525,62111.73799,-135471.9749,92590.71229,-20867.58252,-46695.88421,74658.13284,-24095.80875,13281.56616,-15336.23160,0.,-18913.9949,56000.0000,-61812.81421,29328.48444,-4849.742262,33809.34782,-73741.60290,50399.99999,-11358.87319,-27127.85727,43372.45579,-13998.39991,8031.93625,-9274.48112,0.,20703.91267,-45157.32496,30863.57076,-6955.860840,-18085.23818,28914.97050,-9332.266609,5714.82284,-6598.90901,0.,-11673.97107,18664.53323,-6023.952191,4015.96813,-4637.24056,0.,2656.313229,-3067.24632,0.,0.},
			{-9661.82590,63751.51762,-141972.4255,128683.4255,-41407.82533,0.,22915.22463,-123625.6285,216720.,-147665.3514,33809.34781,-21382.90906,92590.71229,-114752.7317,40409.89977,6955.860840,-24095.80875,18664.53321,0.,0.,0.,11457.61232,-61812.81421,108360.,-73832.67568,16904.67391,-11639.38143,50400.,-62463.47540,21996.36334,4040.989977,-13998.39991,10843.11394,0.,0.,0.,-7127.636352,30863.57076,-38250.91056,13469.96659,2693.993318,-9332.266605,7228.742626,0.,0.,0.,1738.965210,-6023.952189,4666.133303,0.,0.,0.,0.,0.,0.,0.},
			{4925.362810,-44899.88862,128683.4255,-143050.2010,54438.22186,0.,-7196.44356,58656.96888,-147665.3514,140800.,-44448.62202,3011.976094,-20867.58252,40409.89977,-22768.39914,0.,0.,0.,0.,0.,0.,-3598.221779,29328.48444,-73832.67568,70400.,-22224.31101,1639.512123,-11358.87318,21996.36334,-12393.54671,0.,0.,0.,0.,0.,0.,1003.992031,-6955.860840,13469.96659,-7589.466382,0.,0.,0.,0.,0.,0.,0.,0.,0.,0.,0.,0.,0.,0.,0.,0.},
			{-1028.78570,11879.39392,-41407.82533,54438.22186,-24004.99948,0.,840.,-9699.484525,33809.34781,-44448.62202,19600.,0.,0.,0.,0.,0.,0.,0.,0.,0.,0.,420.,-4849.742262,16904.67391,-22224.31101,9800.,0.,0.,0.,0.,0.,0.,0.,0.,0.,0.,0.,0.,0.,0.,0.,0.,0.,0.,0.,0.,0.,0.,0.,0.,0.,0.,0.,0.,0.,0.},
			{13230.11101,-11457.61230,5819.690715,-1229.634092,0.,0.,-106783.7919,62111.73799,-21382.90906,3011.976094,0.,347760.0000,-130070.0875,27047.47825,-1904.940944,-535300.7081,116428.4501,-10998.18167,392829.1232,-37800.,-111005.9285,-35594.59728,20703.91267,-7127.636352,1003.992031,0.,141972.4255,-53100.89083,11042.08676,-777.6888838,-248785.2872,54111.05382,-5111.492932,197967.2700,-19049.40944,-59099.23855,57960.00000,-21678.34791,4507.913042,-317.4901573,-124392.6436,27055.52691,-2555.746466,112684.9455,-10843.11394,-36476.84197,-53530.07079,11642.84501,-1099.818167,59390.18104,-5714.822832,-21886.10519,26188.60820,-2520.,-11819.84771,-5285.996592},
			{-11457.6123,30581.07650,-27720.,8519.154886,0.,0.,62111.73800,-135471.9749,92590.71229,-20867.58252,0.,-130070.0875,230832.,-105407.1147,13197.81800,116428.4501,-167230.2366,38098.81888,-37800.,43647.68036,0.,20703.91267,-45157.32496,30863.57076,-6955.860840,0.,-53100.89083,94236.76939,-43032.27438,5387.986636,54111.05382,-77721.59051,17706.73093,-19049.40944,21996.36334,0.,-21678.34791,38472.,-17567.85246,2199.636334,27055.52691,-38860.79526,8853.365465,-10843.11394,12520.54951,0.,11642.84501,-16723.02366,3809.881888,-5714.822832,6598.909002,0.,-2520.,2909.845357,0.,0.},
			{5819.69066,-27719.99999,39039.67213,-16497.27251,0.,0.,-21382.90905,92590.71229,-114752.7317,40409.89977,0.,27047.47825,-105407.1147,108864.,-25557.46466,-10998.18167,38098.81888,-29511.21822,0.,0.,0.,-7127.636351,30863.57076,-38250.91056,13469.96659,0.,11042.08676,-43032.27438,44443.54190,-10433.79126,-5111.492932,17706.73093,-13715.57480,0.,0.,0.,4507.913042,-17567.85246,18144.,-4259.577443,-2555.746466,8853.365465,-6857.787398,0.,0.,0.,-1099.818167,3809.881888,-2951.121822,0.,0.,0.,0.,0.,0.,0.},
			{-1229.634099,8519.154887,-16497.27251,9295.160030,0.,0.,3011.976097,-20867.58252,40409.89977,-22768.39914,0.,-1904.940944,13197.81800,-25557.46466,14400.,0.,0.,0.,0.,0.,0.,1003.992032,-6955.860840,13469.96659,-7589.466382,0.,-777.6888838,5387.986636,-10433.79126,5878.775383,0.,0.,0.,0.,0.,0.,-317.4901573,2199.636334,-4259.577443,2400.,0.,0.,0.,0.,0.,0.,0.,0.,0.,0.,0.,0.,0.,0.,0.,0.},
			{-14816.2076,6782.21205,-1419.859148,0.,0.,0.,144131.6731,-46695.88421,6955.860840,0.,0.,-535300.7081,116428.4501,-10998.18167,0.,909200.,-119165.0956,5366.563145,-720578.5174,43037.19323,216661.3874,36032.9184,-11673.97107,1738.965210,0.,0.,-174828.4790,38025.37259,-3591.991091,0.,352131.6458,-46152.44305,2078.460970,-311260.6624,18590.32006,100931.1647,-53530.07079,11642.84501,-1099.818167,0.,140852.6583,-18460.97722,831.3843878,-147643.8959,8818.163075,53396.62909,45460.,-5958.254780,268.3281572,-62252.13248,3718.064012,26698.31455,-20587.95764,1229.634092,11534.99025,3868.953347},
			{6782.212097,-12064.62597,4918.536370,0.,0.,0.,-46695.88421,74658.13284,-24095.80875,0.,0.,116428.4501,-167230.2366,38098.81888,0.,-119165.0956,153600.,-18590.32006,43037.19323,-49695.07017,0.,-11673.97107,18664.53323,-6023.952189,0.,0.,38025.37259,-54617.16651,12443.02214,0.,-46152.44305,59489.02419,-7200.,18590.32006,-21466.25258,0.,11642.84501,-16723.02366,3809.881888,0.,-18460.97722,23795.60968,-2880.,8818.163075,-10182.33765,0.,-5958.254780,7680.,-929.5160030,3718.064012,-4293.250516,0.,1229.634092,-1419.859148,0.,0.},
			{-1419.859143,4918.536370,-3809.881888,0.,0.,0.,6955.860840,-24095.80875,18664.53321,0.,0.,-10998.18167,38098.81888,-29511.21822,0.,5366.563145,-18590.32006,14400.,0.,0.,0.,1738.965210,-6023.952191,4666.133303,0.,0.,-3591.991091,12443.02214,-9638.323502,0.,2078.460970,-7200.,5577.096018,0.,0.,0.,-1099.818167,3809.881888,-2951.121822,0.,831.3843878,-2880.,2230.838407,0.,0.,0.,268.3281572,-929.5160030,720.,0.,0.,0.,0.,0.,0.,0.},
			{8640.1667,-1626.653003,0.,0.,0.,0.,-95851.44763,13281.56616,0.,0.,0.,392829.1232,-37800.,0.,0.,-720578.5174,43037.19323,0.,607600.,-16974.09792,-192267.9080,-19170.28946,2656.313229,0.,0.,0.,106914.5452,-10287.85692,0.,0.,-239210.4513,14287.05708,0.,229651.2138,-6415.605974,-79615.57635,26188.60820,-2520.,0.,0.,-79736.81711,4762.352360,0.,93371.25892,-2608.447815,-36854.85042,-20587.95764,1229.634092,0.,32807.31626,-916.5151392,-15794.93589,8680.,-242.4871131,-5686.826882,-1525.935778},
			{-1626.65301,1878.297097,0.,0.,0.,0.,13281.56616,-15336.23160,0.,0.,0.,-37800.,43647.68036,0.,0.,43037.19323,-49695.07017,0.,-16974.09792,19600.,0.,2656.313229,-3067.24632,0.,0.,0.,-10287.85692,11879.39392,0.,0.,14287.05708,-16497.27251,0.,-6415.605974,7408.103671,0.,-2520.,2909.845357,0.,0.,4762.352360,-5499.090835,0.,-2608.447815,3011.976094,0.,1229.634092,-1419.859148,0.,-916.5151392,1058.300524,0.,-242.4871131,280.,0.,0.},
			{-2047.25769,0.,0.,0.,0.,0.,25073.68342,0.,0.,0.,0.,-111005.9285,0.,0.,0.,216661.3874,0.,0.,-192267.9080,0.,63504.,4178.947267,0.,0.,0.,0.,-25895.98888,0.,0.,0.,62934.44585,0.,0.,-64595.94539,0.,23666.54347,-5285.996592,0.,0.,0.,17981.27024,0.,0.,-22980.41043,0.,9738.205176,3868.953347,0.,0.,-6920.994149,0.,3651.826941,-1525.935778,0.,1126.978260,252.},
			{-6584.2284,10097.4848,-9661.825918,4925.362927,-1028.785692,0.,19768.0002,-18913.9949,11457.61232,-3598.221779,420.,-35594.59728,20703.91267,-7127.636351,1003.992032,36032.9184,-11673.97107,1738.965210,-19170.28946,2656.313232,4178.947267,39536.0001,-37827.9896,22915.22463,-7196.44356,840.,-58125.73395,33809.34781,-11639.38143,1639.512123,55821.95698,-18085.23818,2693.993319,-28982.75339,4015.968128,6229.60671,-106783.7919,62111.73800,-21382.90905,3011.976097,83732.93531,-27127.85727,4040.989977,-41243.18141,5714.82284,8651.24267,144131.6731,-46695.88421,6955.860840,-57965.50700,8031.936250,11534.99025,-95851.44763,13281.56616,15574.01680,25073.68342},
			{10097.4849,-40465.5705,63751.51762,-44899.88862,11879.39392,0.,-18913.9949,56000.0000,-61812.81421,29328.48444,-4849.742262,20703.91267,-45157.32496,30863.57076,-6955.860840,-11673.97107,18664.53323,-6023.952191,2656.313229,-3067.24632,0.,-37827.9896,112000.0001,-123625.6285,58656.96888,-9699.484525,33809.34782,-73741.60290,50399.99999,-11358.87319,-18085.23818,28914.97050,-9332.266609,4015.96813,-4637.24056,0.,62111.73799,-135471.9749,92590.71229,-20867.58252,-27127.85727,43372.45579,-13998.39991,5714.82284,-6598.90901,0.,-46695.88421,74658.13284,-24095.80875,8031.93625,-9274.48112,0.,13281.56616,-15336.23160,0.,0.},
			{-9661.82590,63751.51762,-141972.4255,128683.4255,-41407.82533,0.,11457.61232,-61812.81421,108360.,-73832.67568,16904.67391,-7127.636352,30863.57076,-38250.91056,13469.96659,1738.965210,-6023.952189,4666.133303,0.,0.,0.,22915.22463,-123625.6285,216720.,-147665.3514,33809.34781,-11639.38143,50400.,-62463.47540,21996.36334,2693.993318,-9332.266605,7228.742626,0.,0.,0.,-21382.90906,92590.71229,-114752.7317,40409.89977,4040.989977,-13998.39991,10843.11394,0.,0.,0.,6955.860840,-24095.80875,18664.53321,0.,0.,0.,0.,0.,0.,0.},
			{4925.362810,-44899.88862,128683.4255,-143050.2010,54438.22186,0.,-3598.221779,29328.48444,-73832.67568,70400.,-22224.31101,1003.992031,-6955.860840,13469.96659,-7589.466382,0.,0.,0.,0.,0.,0.,-7196.44356,58656.96888,-147665.3514,140800.,-44448.62202,1639.512123,-11358.87318,21996.36334,-12393.54671,0.,0.,0.,0.,0.,0.,3011.976094,-20867.58252,40409.89977,-22768.39914,0.,0.,0.,0.,0.,0.,0.,0.,0.,0.,0.,0.,0.,0.,0.,0.},
			{-1028.78570,11879.39392,-41407.82533,54438.22186,-24004.99948,0.,420.,-4849.742262,16904.67391,-22224.31101,9800.,0.,0.,0.,0.,0.,0.,0.,0.,0.,0.,840.,-9699.484525,33809.34781,-44448.62202,19600.,0.,0.,0.,0.,0.,0.,0.,0.,0.,0.,0.,0.,0.,0.,0.,0.,0.,0.,0.,0.,0.,0.,0.,0.,0.,0.,0.,0.,0.,0.},
			{10802.34025,-9355.10127,4751.757568,-1003.992031,0.,0.,-58125.73395,33809.34782,-11639.38143,1639.512123,0.,141972.4255,-53100.89083,11042.08676,-777.6888838,-174828.4790,38025.37259,-3591.991091,106914.5452,-10287.85692,-25895.98888,-58125.73395,33809.34782,-11639.38143,1639.512123,0.,154560.0000,-57808.92777,12021.10144,-846.6404195,-203132.3364,44181.49041,-4173.516504,129311.6793,-12443.02214,-32169.55082,141972.4255,-53100.89083,11042.08676,-777.6888838,-203132.3364,44181.49041,-4173.516504,138010.3092,-13280.04820,-35739.86008,-174828.4790,38025.37259,-3591.991091,129311.6793,-12443.02214,-35739.86008,106914.5452,-10287.85692,-32169.55082,-25895.98888},
			{-9355.10139,24969.34437,-22633.28523,6955.860840,0.,0.,33809.34781,-73741.60290,50400.,-11358.87318,0.,-53100.89083,94236.76939,-43032.27438,5387.986636,38025.37259,-54617.16651,12443.02214,-10287.85692,11879.39392,0.,33809.34781,-73741.60290,50400.,-11358.87318,0.,-57808.92777,102592.,-46847.60655,5865.696891,44181.49041,-63459.41291,14457.48525,-12443.02214,14367.96436,0.,-53100.89083,94236.76939,-43032.27438,5387.986636,44181.49041,-63459.41291,14457.48525,-13280.04820,15334.47879,0.,38025.37259,-54617.16651,12443.02214,-12443.02214,14367.96436,0.,-10287.85692,11879.39392,0.,0.},
			{4751.757564,-22633.28523,31875.75880,-13469.96659,0.,0.,-11639.38143,50399.99999,-62463.47540,21996.36334,0.,11042.08676,-43032.27438,44443.54190,-10433.79126,-3591.991091,12443.02214,-9638.323502,0.,0.,0.,-11639.38143,50399.99999,-62463.47540,21996.36334,0.,12021.10144,-46847.60655,48384.,-11358.87318,-4173.516504,14457.48525,-11198.71993,0.,0.,0.,11042.08676,-43032.27438,44443.54190,-10433.79126,-4173.516504,14457.48525,-11198.71993,0.,0.,0.,-3591.991091,12443.02214,-9638.323502,0.,0.,0.,0.,0.,0.,0.},
			{-1003.99205,6955.860840,-13469.96659,7589.466382,0.,0.,1639.512123,-11358.87319,21996.36334,-12393.54671,0.,-777.6888838,5387.986636,-10433.79126,5878.775383,0.,0.,0.,0.,0.,0.,1639.512123,-11358.87319,21996.36334,-12393.54671,0.,-846.6404195,5865.696891,-11358.87318,6400.,0.,0.,0.,0.,0.,0.,-777.6888838,5387.986636,-10433.79126,5878.775383,0.,0.,0.,0.,0.,0.,0.,0.,0.,0.,0.,0.,0.,0.,0.,0.},
			{-11476.58483,5253.47884,-1099.818167,0.,0.,0.,83732.93531,-27127.85727,4040.989977,0.,0.,-248785.2872,54111.05382,-5111.492932,0.,352131.6458,-46152.44305,2078.460970,-239210.4513,14287.05708,62934.44585,55821.95698,-18085.23818,2693.993318,0.,0.,-203132.3364,44181.49041,-4173.516504,0.,327312.,-42899.43441,1931.962732,-241101.4725,14400.,67012.23766,-124392.6436,27055.52691,-2555.746466,0.,245484.,-32174.57581,1448.972049,-205856.0459,12294.93554,62041.27659,140852.6583,-18460.97722,831.3843878,-144660.8835,8640.,49633.02127,-79736.81711,4762.352360,33506.11883,17981.27024},
			{5253.47885,-9345.21910,3809.881888,0.,0.,0.,-27127.85727,43372.45579,-13998.39991,0.,0.,54111.05382,-77721.59051,17706.73093,0.,-46152.44305,59489.02419,-7200.,14287.05708,-16497.27251,0.,-18085.23818,28914.97050,-9332.266605,0.,0.,44181.49041,-63459.41291,14457.48525,0.,-42899.43441,55296.,-6692.515222,14400.,-16627.68776,0.,27055.52691,-38860.79526,8853.365465,0.,-32174.57581,41472.,-5019.386416,12294.93554,-14196.96869,0.,-18460.97722,23795.60968,-2880.,8640.,-9976.612654,0.,4762.352360,-5499.090835,0.,0.},
			{-1099.81816,3809.881889,-2951.121822,0.,0.,0.,4040.989977,-13998.39991,10843.11394,0.,0.,-5111.492932,17706.73093,-13715.57480,0.,2078.460970,-7200.,5577.096018,0.,0.,0.,2693.993319,-9332.266609,7228.742626,0.,0.,-4173.516504,14457.48525,-11198.71993,0.,1931.962732,-6692.515222,5184.,0.,0.,0.,-2555.746466,8853.365465,-6857.787398,0.,1448.972049,-5019.386416,3888.,0.,0.,0.,831.3843878,-2880.,2230.838407,0.,0.,0.,0.,0.,0.,0.},
			{6531.35214,-1229.634091,0.,0.,0.,0.,-57965.50700,8031.93625,0.,0.,0.,197967.2700,-19049.40944,0.,0.,-311260.6624,18590.32006,0.,229651.2138,-6415.605974,-64595.94539,-28982.75339,4015.96813,0.,0.,0.,129311.6793,-12443.02214,0.,0.,-241101.4725,14400.,0.,198400.,-5542.562586,-60183.71873,59390.18104,-5714.822832,0.,0.,-144660.8835,8640.,0.,141164.0747,-3943.602413,-47759.39698,-62252.13248,3718.064012,0.,79360.,-2217.025034,-31839.59798,32807.31626,-916.5151392,-17195.34821,-6920.994149},
			{-1229.63410,1419.85915,0.,0.,0.,0.,8031.93625,-9274.48112,0.,0.,0.,-19049.40944,21996.36334,0.,0.,18590.32006,-21466.25258,0.,-6415.605974,7408.103671,0.,4015.96813,-4637.24056,0.,0.,0.,-12443.02214,14367.96436,0.,0.,14400.,-16627.68776,0.,-5542.562586,6400.,0.,-5714.822832,6598.909002,0.,0.,8640.,-9976.612654,0.,-3943.602413,4553.679829,0.,3718.064012,-4293.250516,0.,-2217.025034,2560.,0.,-916.5151392,1058.300524,0.,0.},
			{-1525.93584,0.,0.,0.,0.,0.,15574.01680,0.,0.,0.,0.,-59099.23855,0.,0.,0.,100931.1647,0.,0.,-79615.57635,0.,23666.54347,6229.60671,0.,0.,0.,0.,-32169.55082,0.,0.,0.,67012.23766,0.,0.,-60183.71873,0.,19600.,-11819.84771,0.,0.,0.,33506.11883,0.,0.,-36704.11422,0.,13609.55547,11534.99025,0.,0.,-17195.34821,0.,7776.888838,-5686.826882,0.,3500.,1126.978260},
			{13230.11101,-11457.61230,5819.690715,-1229.634092,0.,0.,-35594.59728,20703.91267,-7127.636352,1003.992031,0.,57960.00000,-21678.34791,4507.913042,-317.4901573,-53530.07079,11642.84501,-1099.818167,26188.60820,-2520.,-5285.996592,-106783.7919,62111.73799,-21382.90906,3011.976094,0.,141972.4255,-53100.89083,11042.08676,-777.6888838,-124392.6436,27055.52691,-2555.746466,59390.18104,-5714.822832,-11819.84771,347760.0000,-130070.0875,27047.47825,-1904.940944,-248785.2872,54111.05382,-5111.492932,112684.9455,-10843.11394,-21886.10519,-535300.7081,116428.4501,-10998.18167,197967.2700,-19049.40944,-36476.84197,392829.1232,-37800.,-59099.23855,-111005.9285},
			{-11457.6123,30581.07650,-27720.,8519.154886,0.,0.,20703.91267,-45157.32496,30863.57076,-6955.860840,0.,-21678.34791,38472.,-17567.85246,2199.636334,11642.84501,-16723.02366,3809.881888,-2520.,2909.845357,0.,62111.73800,-135471.9749,92590.71229,-20867.58252,0.,-53100.89083,94236.76939,-43032.27438,5387.986636,27055.52691,-38860.79526,8853.365465,-5714.822832,6598.909002,0.,-130070.0875,230832.,-105407.1147,13197.81800,54111.05382,-77721.59051,17706.73093,-10843.11394,12520.54951,0.,116428.4501,-167230.2366,38098.81888,-19049.40944,21996.36334,0.,-37800.,43647.68036,0.,0.},
			{5819.69066,-27719.99999,39039.67213,-16497.27251,0.,0.,-7127.636351,30863.57076,-38250.91056,13469.96659,0.,4507.913042,-17567.85246,18144.,-4259.577443,-1099.818167,3809.881888,-2951.121822,0.,0.,0.,-21382.90905,92590.71229,-114752.7317,40409.89977,0.,11042.08676,-43032.27438,44443.54190,-10433.79126,-2555.746466,8853.365465,-6857.787398,0.,0.,0.,27047.47825,-105407.1147,108864.,-25557.46466,-5111.492932,17706.73093,-13715.57480,0.,0.,0.,-10998.18167,38098.81888,-29511.21822,0.,0.,0.,0.,0.,0.,0.},
			{-1229.634099,8519.154887,-16497.27251,9295.160030,0.,0.,1003.992032,-6955.860840,13469.96659,-7589.466382,0.,-317.4901573,2199.636334,-4259.577443,2400.,0.,0.,0.,0.,0.,0.,3011.976097,-20867.58252,40409.89977,-22768.39914,0.,-777.6888838,5387.986636,-10433.79126,5878.775383,0.,0.,0.,0.,0.,0.,-1904.940944,13197.81800,-25557.46466,14400.,0.,0.,0.,0.,0.,0.,0.,0.,0.,0.,0.,0.,0.,0.,0.,0.},
			{-11476.58483,5253.47884,-1099.818167,0.,0.,0.,55821.95698,-18085.23818,2693.993318,0.,0.,-124392.6436,27055.52691,-2555.746466,0.,140852.6583,-18460.97722,831.3843878,-79736.81711,4762.352360,17981.27024,83732.93531,-27127.85727,4040.989977,0.,0.,-203132.3364,44181.49041,-4173.516504,0.,245484.,-32174.57581,1448.972049,-144660.8835,8640.,33506.11883,-248785.2872,54111.05382,-5111.492932,0.,327312.,-42899.43441,1931.962732,-205856.0459,12294.93554,49633.02127,352131.6458,-46152.44305,2078.460970,-241101.4725,14400.,62041.27659,-239210.4513,14287.05708,67012.23766,62934.44585},
			{5253.47885,-9345.21910,3809.881888,0.,0.,0.,-18085.23818,28914.97050,-9332.266605,0.,0.,27055.52691,-38860.79526,8853.365465,0.,-18460.97722,23795.60968,-2880.,4762.352360,-5499.090835,0.,-27127.85727,43372.45579,-13998.39991,0.,0.,44181.49041,-63459.41291,14457.48525,0.,-32174.57581,41472.,-5019.386416,8640.,-9976.612654,0.,54111.05382,-77721.59051,17706.73093,0.,-42899.43441,55296.,-6692.515222,12294.93554,-14196.96869,0.,-46152.44305,59489.02419,-7200.,14400.,-16627.68776,0.,14287.05708,-16497.27251,0.,0.},
			{-1099.81816,3809.881889,-2951.121822,0.,0.,0.,2693.993319,-9332.266609,7228.742626,0.,0.,-2555.746466,8853.365465,-6857.787398,0.,831.3843878,-2880.,2230.838407,0.,0.,0.,4040.989977,-13998.39991,10843.11394,0.,0.,-4173.516504,14457.48525,-11198.71993,0.,1448.972049,-5019.386416,3888.,0.,0.,0.,-5111.492932,17706.73093,-13715.57480,0.,1931.962732,-6692.515222,5184.,0.,0.,0.,2078.460970,-7200.,5577.096018,0.,0.,0.,0.,0.,0.,0.},
			{6196.18489,-1166.53333,0.,0.,0.,0.,-41243.18141,5714.82284,0.,0.,0.,112684.9455,-10843.11394,0.,0.,-147643.8959,8818.163075,0.,93371.25892,-2608.447815,-22980.41043,-41243.18141,5714.82284,0.,0.,0.,138010.3092,-13280.04820,0.,0.,-205856.0459,12294.93554,0.,141164.0747,-3943.602413,-36704.11422,112684.9455,-10843.11394,0.,0.,-205856.0459,12294.93554,0.,160704.,-4489.475694,-45308.54223,-147643.8959,8818.163075,0.,141164.0747,-3943.602413,-45308.54223,93371.25892,-2608.447815,-36704.11422,-22980.41043},
			{-1166.53333,1346.99667,0.,0.,0.,0.,5714.82284,-6598.90901,0.,0.,0.,-10843.11394,12520.54951,0.,0.,8818.163075,-10182.33765,0.,-2608.447815,3011.976094,0.,5714.82284,-6598.90901,0.,0.,0.,-13280.04820,15334.47879,0.,0.,12294.93554,-14196.96869,0.,-3943.602413,4553.679829,0.,-10843.11394,12520.54951,0.,0.,12294.93554,-14196.96869,0.,-4489.475694,5184.,0.,8818.163075,-10182.33765,0.,-3943.602413,4553.679829,0.,-2608.447815,3011.976094,0.,0.},
			{-1412.74207,0.,0.,0.,0.,0.,11534.99025,0.,0.,0.,0.,-36476.84197,0.,0.,0.,53396.62909,0.,0.,-36854.85042,0.,9738.205176,8651.24267,0.,0.,0.,0.,-35739.86008,0.,0.,0.,62041.27659,0.,0.,-47759.39698,0.,13609.55547,-21886.10519,0.,0.,0.,49633.02127,0.,0.,-45308.54223,0.,14400.,26698.31455,0.,0.,-31839.59798,0.,12000.,-15794.93589,0.,7776.888838,3651.826941},
			{-14816.2076,6782.21205,-1419.859148,0.,0.,0.,36032.9184,-11673.97107,1738.965210,0.,0.,-53530.07079,11642.84501,-1099.818167,0.,45460.,-5958.254780,268.3281572,-20587.95764,1229.634092,3868.953347,144131.6731,-46695.88421,6955.860840,0.,0.,-174828.4790,38025.37259,-3591.991091,0.,140852.6583,-18460.97722,831.3843878,-62252.13248,3718.064012,11534.99025,-535300.7081,116428.4501,-10998.18167,0.,352131.6458,-46152.44305,2078.460970,-147643.8959,8818.163075,26698.31455,909200.,-119165.0956,5366.563145,-311260.6624,18590.32006,53396.62909,-720578.5174,43037.19323,100931.1647,216661.3874},
			{6782.212097,-12064.62597,4918.536370,0.,0.,0.,-11673.97107,18664.53323,-6023.952189,0.,0.,11642.84501,-16723.02366,3809.881888,0.,-5958.254780,7680.,-929.5160030,1229.634092,-1419.859148,0.,-46695.88421,74658.13284,-24095.80875,0.,0.,38025.37259,-54617.16651,12443.02214,0.,-18460.97722,23795.60968,-2880.,3718.064012,-4293.250516,0.,116428.4501,-167230.2366,38098.81888,0.,-46152.44305,59489.02419,-7200.,8818.163075,-10182.33765,0.,-119165.0956,153600.,-18590.32006,18590.32006,-21466.25258,0.,43037.19323,-49695.07017,0.,0.},
			{-1419.859143,4918.536370,-3809.881888,0.,0.,0.,1738.965210,-6023.952191,4666.133303,0.,0.,-1099.818167,3809.881888,-2951.121822,0.,268.3281572,-929.5160030,720.,0.,0.,0.,6955.860840,-24095.80875,18664.53321,0.,0.,-3591.991091,12443.02214,-9638.323502,0.,831.3843878,-2880.,2230.838407,0.,0.,0.,-10998.18167,38098.81888,-29511.21822,0.,2078.460970,-7200.,5577.096018,0.,0.,0.,5366.563145,-18590.32006,14400.,0.,0.,0.,0.,0.,0.,0.},
			{6531.35214,-1229.634091,0.,0.,0.,0.,-28982.75339,4015.96813,0.,0.,0.,59390.18104,-5714.822832,0.,0.,-62252.13248,3718.064012,0.,32807.31626,-916.5151392,-6920.994149,-57965.50700,8031.93625,0.,0.,0.,129311.6793,-12443.02214,0.,0.,-144660.8835,8640.,0.,79360.,-2217.025034,-17195.34821,197967.2700,-19049.40944,0.,0.,-241101.4725,14400.,0.,141164.0747,-3943.602413,-31839.59798,-311260.6624,18590.32006,0.,198400.,-5542.562586,-47759.39698,229651.2138,-6415.605974,-60183.71873,-64595.94539},
			{-1229.63410,1419.85915,0.,0.,0.,0.,4015.96813,-4637.24056,0.,0.,0.,-5714.822832,6598.909002,0.,0.,3718.064012,-4293.250516,0.,-916.5151392,1058.300524,0.,8031.93625,-9274.48112,0.,0.,0.,-12443.02214,14367.96436,0.,0.,8640.,-9976.612654,0.,-2217.025034,2560.,0.,-19049.40944,21996.36334,0.,0.,14400.,-16627.68776,0.,-3943.602413,4553.679829,0.,18590.32006,-21466.25258,0.,-5542.562586,6400.,0.,-6415.605974,7408.103671,0.,0.},
			{-1412.74207,0.,0.,0.,0.,0.,8651.24267,0.,0.,0.,0.,-21886.10519,0.,0.,0.,26698.31455,0.,0.,-15794.93589,0.,3651.826941,11534.99025,0.,0.,0.,0.,-35739.86008,0.,0.,0.,49633.02127,0.,0.,-31839.59798,0.,7776.888838,-36476.84197,0.,0.,0.,62041.27659,0.,0.,-45308.54223,0.,12000.,53396.62909,0.,0.,-47759.39698,0.,14400.,-36854.85042,0.,13609.55547,9738.205176},
			{8640.1667,-1626.653004,0.,0.,0.,0.,-19170.28946,2656.313232,0.,0.,0.,26188.60820,-2520.,0.,0.,-20587.95764,1229.634092,0.,8680.,-242.4871131,-1525.935778,-95851.44763,13281.56616,0.,0.,0.,106914.5452,-10287.85692,0.,0.,-79736.81711,4762.352360,0.,32807.31626,-916.5151392,-5686.826882,392829.1232,-37800.,0.,0.,-239210.4513,14287.05708,0.,93371.25892,-2608.447815,-15794.93589,-720578.5174,43037.19323,0.,229651.2138,-6415.605974,-36854.85042,607600.,-16974.09792,-79615.57635,-192267.9080},
			{-1626.65301,1878.297097,0.,0.,0.,0.,2656.313229,-3067.24632,0.,0.,0.,-2520.,2909.845357,0.,0.,1229.634092,-1419.859148,0.,-242.4871131,280.,0.,13281.56616,-15336.23160,0.,0.,0.,-10287.85692,11879.39392,0.,0.,4762.352360,-5499.090835,0.,-916.5151392,1058.300524,0.,-37800.,43647.68036,0.,0.,14287.05708,-16497.27251,0.,-2608.447815,3011.976094,0.,43037.19323,-49695.07017,0.,-6415.605974,7408.103671,0.,-16974.09792,19600.,0.,0.},
			{-1525.93584,0.,0.,0.,0.,0.,6229.60671,0.,0.,0.,0.,-11819.84771,0.,0.,0.,11534.99025,0.,0.,-5686.826882,0.,1126.978260,15574.01680,0.,0.,0.,0.,-32169.55082,0.,0.,0.,33506.11883,0.,0.,-17195.34821,0.,3500.,-59099.23855,0.,0.,0.,67012.23766,0.,0.,-36704.11422,0.,7776.888838,100931.1647,0.,0.,-60183.71873,0.,13609.55547,-79615.57635,0.,19600.,23666.54347},
			{-2047.25769,0.,0.,0.,0.,0.,4178.947267,0.,0.,0.,0.,-5285.996592,0.,0.,0.,3868.953347,0.,0.,-1525.935778,0.,252.,25073.68342,0.,0.,0.,0.,-25895.98888,0.,0.,0.,17981.27024,0.,0.,-6920.994149,0.,1126.978260,-111005.9285,0.,0.,0.,62934.44585,0.,0.,-22980.41043,0.,3651.826941,216661.3874,0.,0.,-64595.94539,0.,9738.205176,-192267.9080,0.,23666.54347,63504.}
		};

#if CONFIG_ENABLE_INTEL_SIMD_PRAGMA
#pragma simd
#endif
		for (int i = 0; i < 56; i++)
		{
			o_output[i] = 0;

#if CONFIG_ENABLE_INTEL_SIMD_PRAGMA
#pragma simd
#endif
			for (int j = 0; j < 56; j++)
				o_output[i] += matrix[i][j]*i_input[j];
		}
	}

	/*********************************************************
	 * timestep_inv_mass
	 *********************************************************/
public:
	static inline void madd_timestep_inv_mass(
		const T i_input[56],
		T o_output[56]
	) {
		static const T matrix[56][56] = 
		{
			{1959.99950,-5383.2139,9015.826058,-8519.319340,4200.00000,-835.7894471,-6584.2284,10097.4849,-9661.82590,4925.362810,-1028.78570,13230.11101,-11457.6123,5819.69066,-1229.634099,-14816.2076,6782.212097,-1419.859143,8640.1667,-1626.65301,-2047.25769,-6584.2284,10097.4849,-9661.82590,4925.362810,-1028.78570,10802.34025,-9355.10139,4751.757564,-1003.99205,-11476.58483,5253.47885,-1099.81816,6531.35214,-1229.63410,-1525.93584,13230.11101,-11457.6123,5819.69066,-1229.634099,-11476.58483,5253.47885,-1099.81816,6196.18489,-1166.53333,-1412.74207,-14816.2076,6782.212097,-1419.859143,6531.35214,-1229.63410,-1412.74207,8640.1667,-1626.65301,-1525.93584,-2047.25769},
			{-5383.2139,33096.0000,-83609.96448,103016.3016,-61834.21385,14476.29787,10097.4848,-40465.5705,63751.51762,-44899.88862,11879.39392,-11457.61230,30581.07650,-27719.99999,8519.154887,6782.21205,-12064.62597,4918.536370,-1626.653003,1878.297097,0.,10097.4848,-40465.5705,63751.51762,-44899.88862,11879.39392,-9355.10127,24969.34437,-22633.28523,6955.860840,5253.47884,-9345.21910,3809.881889,-1229.634091,1419.85915,0.,-11457.61230,30581.07650,-27719.99999,8519.154887,5253.47884,-9345.21910,3809.881889,-1166.53333,1346.99667,0.,6782.21205,-12064.62597,4918.536370,-1229.634091,1419.85915,0.,-1626.653003,1878.297097,0.,0.},
			{9015.826058,-83609.96448,277200.,-416728.6598,293014.3477,-78493.04477,-9661.825918,63751.51762,-141972.4255,128683.4255,-41407.82533,5819.690715,-27720.,39039.67213,-16497.27251,-1419.859148,4918.536370,-3809.881888,0.,0.,0.,-9661.825918,63751.51762,-141972.4255,128683.4255,-41407.82533,4751.757568,-22633.28523,31875.75880,-13469.96659,-1099.818167,3809.881888,-2951.121822,0.,0.,0.,5819.690715,-27720.,39039.67213,-16497.27251,-1099.818167,3809.881888,-2951.121822,0.,0.,0.,-1419.859148,4918.536370,-3809.881888,0.,0.,0.,0.,0.,0.,0.},
			{-8519.319340,103016.3016,-416728.6598,734000.,-588944.2418,176903.2820,4925.362927,-44899.88862,128683.4255,-143050.2010,54438.22186,-1229.634092,8519.154886,-16497.27251,9295.160030,0.,0.,0.,0.,0.,0.,4925.362927,-44899.88862,128683.4255,-143050.2010,54438.22186,-1003.992031,6955.860840,-13469.96659,7589.466382,0.,0.,0.,0.,0.,0.,-1229.634092,8519.154886,-16497.27251,9295.160030,0.,0.,0.,0.,0.,0.,0.,0.,0.,0.,0.,0.,0.,0.,0.,0.},
			{4200.00000,-61834.21385,293014.3477,-588944.2418,529200.,-175515.7839,-1028.785692,11879.39392,-41407.82533,54438.22186,-24004.99948,0.,0.,0.,0.,0.,0.,0.,0.,0.,0.,-1028.785692,11879.39392,-41407.82533,54438.22186,-24004.99948,0.,0.,0.,0.,0.,0.,0.,0.,0.,0.,0.,0.,0.,0.,0.,0.,0.,0.,0.,0.,0.,0.,0.,0.,0.,0.,0.,0.,0.,0.},
			{-835.7894471,14476.29787,-78493.04477,176903.2820,-175515.7839,63504.,0.,0.,0.,0.,0.,0.,0.,0.,0.,0.,0.,0.,0.,0.,0.,0.,0.,0.,0.,0.,0.,0.,0.,0.,0.,0.,0.,0.,0.,0.,0.,0.,0.,0.,0.,0.,0.,0.,0.,0.,0.,0.,0.,0.,0.,0.,0.,0.,0.,0.},
			{-6584.2284,10097.4848,-9661.825918,4925.362927,-1028.785692,0.,39536.0001,-37827.9896,22915.22463,-7196.44356,840.,-106783.7919,62111.73800,-21382.90905,3011.976097,144131.6731,-46695.88421,6955.860840,-95851.44763,13281.56616,25073.68342,19768.0002,-18913.9949,11457.61232,-3598.221779,420.,-58125.73395,33809.34781,-11639.38143,1639.512123,83732.93531,-27127.85727,4040.989977,-57965.50700,8031.93625,15574.01680,-35594.59728,20703.91267,-7127.636351,1003.992032,55821.95698,-18085.23818,2693.993319,-41243.18141,5714.82284,11534.99025,36032.9184,-11673.97107,1738.965210,-28982.75339,4015.96813,8651.24267,-19170.28946,2656.313229,6229.60671,4178.947267},
			{10097.4849,-40465.5705,63751.51762,-44899.88862,11879.39392,0.,-37827.9896,112000.0001,-123625.6285,58656.96888,-9699.484525,62111.73799,-135471.9749,92590.71229,-20867.58252,-46695.88421,74658.13284,-24095.80875,13281.56616,-15336.23160,0.,-18913.9949,56000.0000,-61812.81421,29328.48444,-4849.742262,33809.34782,-73741.60290,50399.99999,-11358.87319,-27127.85727,43372.45579,-13998.39991,8031.93625,-9274.48112,0.,20703.91267,-45157.32496,30863.57076,-6955.860840,-18085.23818,28914.97050,-9332.266609,5714.82284,-6598.90901,0.,-11673.97107,18664.53323,-6023.952191,4015.96813,-4637.24056,0.,2656.313229,-3067.24632,0.,0.},
			{-9661.82590,63751.51762,-141972.4255,128683.4255,-41407.82533,0.,22915.22463,-123625.6285,216720.,-147665.3514,33809.34781,-21382.90906,92590.71229,-114752.7317,40409.89977,6955.860840,-24095.80875,18664.53321,0.,0.,0.,11457.61232,-61812.81421,108360.,-73832.67568,16904.67391,-11639.38143,50400.,-62463.47540,21996.36334,4040.989977,-13998.39991,10843.11394,0.,0.,0.,-7127.636352,30863.57076,-38250.91056,13469.96659,2693.993318,-9332.266605,7228.742626,0.,0.,0.,1738.965210,-6023.952189,4666.133303,0.,0.,0.,0.,0.,0.,0.},
